date,GMT_0000_PAR,GMT_0300_PAR,GMT_0600_PAR,GMT_0900_PAR,GMT_1200_PAR,GMT_1500_PAR,GMT_1800_PAR,GMT_2100_PAR,DAPAR,PDVI,MPAR,APAR,PPDI,PAI
2021-01-01,48.10612487792969,221.94705200195312,191.6495819091797,0.0,0.0,0.0,0.0,0.0,461.7027587890625,221947052.00195312,24.660783555772568,0.0,0.25,-0.9999999978341043
2021-01-02,53.36717224121094,233.93991088867188,173.90931701660156,0.0,0.0,0.0,0.0,0.0,461.2164001464844,233939910.88867188,25.993323432074654,0.0,0.25,-0.9999999978318204
2021-01-03,48.34626007080078,222.5054473876953,172.56105041503906,0.0011395459296181798,0.0,0.0,0.0,0.0,443.4138974194648,222505447.3876953,24.7227008713073,0.0,0.25,-0.9999999977447708
2021-01-04,18.653852462768555,87.9000473022461,21.1301212310791,0.01135987974703312,0.0,0.0,0.0,0.0,127.69538087584078,87900047.3022461,9.765409713611007,0.0,0.375,-0.9999999921688633
2021-01-05,34.91603088378906,164.80360412597656,55.12522888183594,0.09262537211179733,0.0,0.0,0.0,0.0,254.93748926371336,164803604.12597656,18.30121986154053,0.0,0.375,-0.9999999960774698
2021-01-06,11.434417724609375,53.20796585083008,15.843511581420898,0.04645809531211853,0.0,0.0,0.0,0.0,80.53235325217247,53207965.85083008,5.906834195057551,0.0,0.375,-0.9999999875826305
2021-01-07,16.617067337036133,76.99280548095703,143.2456817626953,0.6261957883834839,0.0,0.0,0.0,0.0,237.48175036907196,143245681.7626953,15.846609552701315,0.0,0.25,-0.9999999957891501
2021-01-08,54.07709503173828,233.4634246826172,198.22561645507812,1.2466511726379395,0.0,0.0,0.0,0.0,487.01278734207153,233463424.6826172,25.801863723331028,0.0,0.25,-0.9999999979466658
2021-01-09,71.71886444091797,262.0041809082031,221.53651428222656,2.056016445159912,0.0,0.0,0.0,0.0,557.3155760765076,262004180.90820312,28.883129384782578,0.0,0.375,-0.9999999982056844
2021-01-10,49.89462661743164,222.35826110839844,175.5171661376953,1.5476694107055664,0.0,0.0,0.0,0.0,449.31772327423096,222358261.10839844,24.53451018863254,0.0,0.25,-0.9999999977744034
2021-01-11,34.95856857299805,158.8032989501953,186.21804809570312,1.9847701787948608,0.0,0.0,0.0,0.0,381.96468579769135,186218048.09570312,20.470364212989807,0.0,0.25,-0.999999997381957
2021-01-12,57.206050872802734,238.88873291015625,205.22325134277344,2.7508585453033447,0.0,0.0,0.0,0.0,504.06889367103577,238888732.91015625,26.23754159609477,0.0,0.25,-0.9999999980161443
2021-01-13,77.1465072631836,269.0206298828125,218.1051483154297,3.606527805328369,0.0,0.0,0.0,0.0,567.8788132667542,269020629.8828125,29.490455786387127,0.0,0.375,-0.9999999982390609
2021-01-14,70.47684478759766,260.7879638671875,220.06385803222656,4.145793437957764,0.0,0.0,0.0,0.0,555.4744601249695,260787963.8671875,28.51579671435886,0.0,0.375,-0.9999999981997372
2021-01-15,60.12479782104492,243.8560791015625,163.11312866210938,2.8409464359283447,0.0,0.0,0.0,0.0,469.93495202064514,243856079.1015625,26.77945918507046,0.0,0.375,-0.999999997872046
2021-01-16,42.92985916137695,188.4826202392578,90.34916687011719,1.7380092144012451,0.0,0.0,0.0,0.0,323.4996554851532,188482620.2392578,20.749401224984062,0.0,0.375,-0.9999999969088066
2021-01-17,56.12491226196289,233.8121795654297,197.12623596191406,4.323796272277832,0.0,0.0,0.0,0.0,491.3871240615845,233812179.5654297,25.49870925479465,0.0,0.25,-0.9999999979649447
2021-01-18,82.63023376464844,276.45733642578125,233.36236572265625,7.016676425933838,0.0,0.0,0.0,0.0,599.4666123390198,276457336.42578125,29.937851111094158,0.0,0.375,-0.9999999983318504
2021-01-19,65.81208801269531,253.2781219482422,207.36712646484375,5.577244281768799,0.0,0.0,0.0,0.0,532.03458070755,253278121.9482422,27.522319740719265,0.0,0.25,-0.999999998120423
2021-01-20,83.11680603027344,277.31280517578125,212.83738708496094,6.242513179779053,0.0,0.0,0.0,0.0,579.5095114707947,277312805.17578125,30.118921332889133,0.0,0.375,-0.9999999982744028
2021-01-21,36.19934844970703,151.81719970703125,151.95852661132812,4.4374871253967285,0.0,0.0,0.0,0.0,344.41256189346313,151958526.61132812,16.39122660954793,0.0,0.25,-0.9999999970965054
2021-01-22,9.464332580566406,39.21031188964844,18.827550888061523,0.5695278644561768,0.0,0.0,0.0,0.0,68.07172322273254,39210311.88964844,4.293420447243585,0.0,0.375,-0.9999999853096126
2021-01-23,8.100411415100098,33.314605712890625,53.60932922363281,1.7477858066558838,0.0,0.0,0.0,0.0,96.77213215827942,53609329.22363281,5.7623937129974365,0.0,0.25,-0.9999999896664467
2021-01-24,29.612667083740234,121.18069458007812,18.454608917236328,0.6336895823478699,0.0,0.0,0.0,0.0,169.88166016340256,121180694.58007812,13.394111666414473,0.0,0.25,-0.9999999941135495
2021-01-25,19.614233016967773,79.44749450683594,44.889408111572266,1.648732304573059,0.0,0.0,0.0,0.0,145.59986793994904,79447494.50683594,8.644306911362541,0.0,0.375,-0.9999999931318619
2021-01-26,10.810816764831543,43.409114837646484,18.99931526184082,0.7322622537612915,0.0,0.0,0.0,0.0,73.95150911808014,43409114.837646484,4.741872509320577,0.0,0.375,-0.9999999864776258
2021-01-27,59.9264030456543,234.9400177001953,181.38040161132812,7.583158493041992,0.0,0.0,0.0,0.0,483.8299808502197,234940017.7001953,25.261873245239258,0.0,0.25,-0.9999999979331583
2021-01-28,44.56075668334961,177.4194793701172,152.04847717285156,6.699586868286133,0.0,0.0,0.0,0.0,380.7283000946045,177419479.3701172,18.968876944647896,0.0,0.25,-0.999999997373455
2021-01-29,96.11283111572266,294.1875915527344,239.37228393554688,13.489906311035156,0.0,0.0,0.0,0.0,643.1626129150391,294187591.5527344,31.188631693522137,0.0,0.375,-0.9999999984451833
2021-01-30,69.43064880371094,255.915771484375,235.42556762695312,13.293020248413086,0.0,0.0,0.0,0.0,574.0650081634521,255915771.484375,26.958083470662434,0.0,0.25,-0.999999998258037
2021-01-31,26.169031143188477,101.14430236816406,42.207908630371094,2.107569932937622,0.0,0.0,0.0,0.0,171.62881207466125,101144302.36816406,11.004081381691826,0.0,0.375,-0.9999999941734725
2021-02-01,6.425721645355225,24.592374801635742,19.778392791748047,1.0266423225402832,0.0,0.0,0.0,0.0,51.8231315612793,24592374.801635742,2.6184147198994956,0.0,0.25,-0.9999999807035981
2021-02-02,57.14625549316406,218.34445190429688,168.37203979492188,9.298759460449219,0.0,0.0,0.0,0.0,453.16150665283203,218344451.90429688,23.227299160427517,0.0,0.375,-0.9999999977932812
2021-02-03,78.47982788085938,271.522705078125,224.21356201171875,13.570070266723633,0.0,0.0,0.0,0.0,587.7861652374268,271522705.078125,28.661403867933487,0.0,0.375,-0.999999998298701
2021-02-04,78.41236114501953,271.62530517578125,232.53494262695312,15.056778907775879,0.0,0.0,0.0,0.0,597.6293878555298,271625305.17578125,28.507614029778374,0.0,0.375,-0.9999999983267222
2021-02-05,17.788223266601562,66.06761932373047,101.72332000732422,6.28639030456543,0.0,0.0,0.0,0.0,191.86555290222168,101723320.00732422,10.604103300306532,0.0,0.25,-0.999999994788017
2021-02-06,83.9905014038086,279.7755126953125,239.2458038330078,17.040586471557617,0.0,0.0,0.0,0.0,620.0524044036865,279775512.6953125,29.19276958041721,0.0,0.375,-0.9999999983872331
2021-02-07,85.0552749633789,281.72021484375,184.45144653320312,12.245163917541504,0.0,0.0,0.0,0.0,563.4721002578735,281720214.84375,29.941672325134277,0.0,0.375,-0.9999999982252893
2021-02-08,41.192909240722656,150.1538848876953,122.15927124023438,8.37341022491455,0.0,0.0,0.0,0.0,321.8794755935669,150153884.8876953,15.753386073642307,0.0,0.375,-0.9999999968932471
2021-02-09,87.68529510498047,284.7484436035156,253.0357208251953,20.970632553100586,0.0,0.0,0.0,0.0,646.440092086792,284748443.6035156,29.308645672268337,0.0,0.375,-0.9999999984530662
2021-02-10,42.31739044189453,151.9270477294922,85.37628173828125,6.202068328857422,0.0,0.0,0.0,0.0,285.8227882385254,151927047.7294922,16.19166437784831,0.0,0.375,-0.9999999965013286
2021-02-11,10.584807395935059,37.596805572509766,42.96076965332031,3.201573133468628,0.0,0.0,0.0,0.0,94.34395575523376,42960769.65332031,4.417688502205743,0.0,0.25,-0.999999989400487
2021-02-12,31.398189544677734,111.06379699707031,56.2880973815918,4.320806980133057,0.0,0.0,0.0,0.0,203.0708909034729,111063796.99707031,11.86033222410414,0.0,0.375,-0.9999999950756113
2021-02-13,51.150535583496094,180.05870056152344,246.09075927734375,20.80108070373535,0.0,0.0,0.0,0.0,498.10107612609863,246090759.27734375,25.03218650817871,0.0,0.25,-0.9999999979923754
2021-02-14,52.467777252197266,183.44297790527344,221.09515380859375,18.145109176635742,0.0,0.0,0.0,0.0,475.1510181427002,221095153.80859375,22.550004959106445,0.0,0.25,-0.999999997895406
2021-02-15,7.98392391204834,27.595914840698242,57.00718307495117,4.742741584777832,0.0,0.0,0.0,0.0,97.32976341247559,57007183.07495117,5.807160165574816,0.0,0.25,-0.9999999897256507
2021-02-16,81.1589126586914,269.0040283203125,243.50013732910156,21.664215087890625,0.0,0.0,0.0,0.0,615.3272933959961,269004028.3203125,27.482201470269096,0.0,0.375,-0.9999999983748487
2021-02-17,25.613449096679688,87.56704711914062,180.52008056640625,15.85208797454834,0.0,0.0,0.0,0.0,309.5526647567749,180520080.56640625,18.296443621317547,0.0,0.25,-0.999999996769532
2021-02-18,99.5603256225586,301.0743103027344,269.474853515625,28.160736083984375,0.0,0.0,0.0,0.0,698.2702255249023,301074310.3027344,30.32373046875,0.0,0.375,-0.9999999985678897
2021-02-19,130.619384765625,336.2345886230469,290.0525817871094,36.67290115356445,0.0,0.0,0.0,0.0,793.5794563293457,336234588.6230469,33.284631941053604,0.0,0.375,-0.9999999987398868
2021-02-20,108.34774780273438,313.2863464355469,282.2005310058594,33.032676696777344,0.0,0.0,0.0,0.0,736.867301940918,313286346.4355469,31.13929663764106,0.0,0.375,-0.9999999986429036
2021-02-21,134.3515625,340.6014404296875,295.2715148925781,39.47321701049805,0.0,0.0,0.0,0.0,809.6977348327637,340601440.4296875,33.45869149102105,0.0,0.375,-0.9999999987649713
2021-02-22,108.09077453613281,313.6205749511719,173.35498046875,16.98046875,0.0,0.0,0.0,0.0,612.0467987060547,313620574.9511719,32.96001180013021,0.0,0.375,-0.9999999983661381
2021-02-23,91.08306121826172,286.735595703125,249.2698211669922,25.368968963623047,0.0,0.0,0.0,0.0,652.457447052002,286735595.703125,29.040736304389107,0.0,0.375,-0.999999998467333
2021-02-24,106.96617889404297,312.9853820800781,292.43377685546875,37.64128494262695,0.0,0.0,0.0,0.0,750.0266227722168,312985382.0800781,30.593788570827908,0.0,0.375,-0.999999998666714
2021-02-25,9.920079231262207,32.249664306640625,31.06890869140625,3.222567081451416,0.0,0.0,0.0,0.0,76.4612193107605,32249664.306640625,3.2252330250210233,0.0,0.375,-0.9999999869214747
2021-02-26,9.772162437438965,31.605186462402344,29.317785263061523,3.0997684001922607,0.0,0.0,0.0,0.0,73.79490256309509,31605186.462402344,3.167268673578898,0.0,0.375,-0.9999999864489287
2021-02-27,64.61662292480469,208.80104064941406,58.819705963134766,6.339629650115967,0.0,0.0,0.0,0.0,338.5769991874695,208801040.64941406,22.495712333255344,0.0,0.375,-0.9999999970464621
2021-02-28,29.991167068481445,95.80577087402344,60.19559860229492,6.612020015716553,0.0,0.0,0.0,0.0,192.60455656051636,95805770.87402344,9.910416762034098,0.0,0.375,-0.9999999948080148
2021-03-01,22.430814743041992,71.02428436279297,30.670654296875,3.420288324356079,0.0,0.0,0.0,0.0,127.54604172706604,71024284.36279297,7.511555115381877,0.0,0.375,-0.999999992159694
2021-03-02,148.3611602783203,358.6319885253906,307.27349853515625,45.24378204345703,0.0,0.0,0.0,0.0,859.5104293823242,358631988.5253906,34.82091183132596,0.0,0.375,-0.999999998836547
2021-03-03,35.01359176635742,109.26148986816406,74.59798431396484,8.604676246643066,0.0,0.0,0.0,0.0,227.4777421951294,109261489.86816406,11.184090402391222,0.0,0.375,-0.9999999956039656
2021-03-04,104.02999114990234,304.97210693359375,284.2288818359375,35.67220687866211,0.0,0.0,0.0,0.0,728.9031867980957,304972106.93359375,29.922211117214626,0.0,0.375,-0.9999999986280756
2021-03-05,11.105027198791504,34.05516052246094,49.11796188354492,5.85783052444458,0.0,0.0,0.0,0.0,100.13598012924194,49117961.88354492,4.80668126212226,0.0,0.25,-0.9999999900135796
2021-03-06,24.608301162719727,74.96284484863281,28.273855209350586,3.424178123474121,0.0,0.0,0.0,0.0,131.26917934417725,74962844.84863281,7.948740747239855,0.0,0.375,-0.9999999923820656
2021-03-07,17.55413246154785,53.0636100769043,42.88759231567383,5.273409366607666,0.0,0.0,0.0,0.0,118.77874422073364,53063610.0769043,5.31002230114407,0.0,0.375,-0.9999999915809853
2021-03-08,84.89451599121094,254.98074340820312,84.18738555908203,10.496685981750488,0.0,0.0,0.0,0.0,434.5593309402466,254980743.40820312,27.16489526960585,0.0,0.375,-0.9999999976988183
2021-03-09,16.521774291992188,49.18098449707031,55.480628967285156,7.020765781402588,0.0,0.0,0.0,0.0,128.20415353775024,55480628.967285156,5.384429242875841,0.0,0.375,-0.9999999921999407
2021-03-10,135.38685607910156,349.77178955078125,254.17095947265625,32.70463562011719,0.0,0.0,0.0,0.0,772.0342407226562,349771789.55078125,35.229683770073784,0.0,0.375,-0.9999999987047207
2021-03-11,13.757628440856934,40.3221549987793,29.228290557861328,3.864551305770874,0.0,0.0,0.0,0.0,87.17262530326843,40322154.9987793,4.050844854778713,0.0,0.375,-0.999999988528509
2021-03-12,39.95564270019531,116.60462188720703,215.83026123046875,29.003028869628906,0.0,0.0,0.0,0.0,401.3935546875,215830261.23046875,20.75858137342665,0.0,0.25,-0.9999999975086795
2021-03-13,128.66746520996094,339.3778381347656,178.05238342285156,24.5599308013916,0.0,0.0,0.0,0.0,670.6576175689697,339377838.1347656,34.979767481486,0.0,0.375,-0.9999999985089262
2021-03-14,125.02516174316406,333.9826354980469,297.002197265625,44.385616302490234,0.0,0.0,0.0,0.0,800.3956108093262,333982635.4980469,32.17744657728407,0.0,0.375,-0.9999999987506178
2021-03-15,126.45420837402344,338.59027099609375,30.66897964477539,4.459162712097168,0.0,0.0,0.0,0.0,500.17262172698975,338590270.99609375,37.12567869822184,0.0,0.25,-0.9999999980006903
2021-03-16,33.61710739135742,95.27851104736328,71.73082733154297,10.637462615966797,0.0,0.0,0.0,0.0,211.26390838623047,95278511.04736328,9.40456093682183,0.0,0.375,-0.9999999952665839
2021-03-17,56.58803939819336,159.6592559814453,77.86920928955078,11.78972053527832,0.0,0.0,0.0,0.0,305.9062252044678,159659255.9814453,16.429948382907444,0.0,0.375,-0.9999999967310244
2021-03-18,58.98482131958008,165.41598510742188,132.94654846191406,20.48493766784668,0.0,0.0,0.0,0.0,377.8322925567627,165415985.10742188,16.103449715508354,0.0,0.375,-0.9999999973533231
2021-03-19,19.51786994934082,54.26266098022461,53.68722152709961,8.457656860351562,0.0,0.0,0.0,0.0,135.9254093170166,54262660.98022461,5.0894449022081165,0.0,0.375,-0.9999999926430239
2021-03-20,22.557857513427734,62.36384201049805,31.40548324584961,5.0402727127075195,0.0,0.0,0.0,0.0,121.36745548248291,62363842.01049805,6.369285477532281,0.0,0.375,-0.999999991760559
2021-03-21,80.81483459472656,223.08001708984375,198.7107391357422,32.23797607421875,0.0,0.0,0.0,0.0,534.8435668945312,223080017.08984375,21.204671223958332,0.0,0.375,-0.9999999981302944
2021-03-22,149.06021118164062,361.8194274902344,333.7046813964844,65.57466125488281,0.0,0.0,0.0,0.0,910.1589813232422,361819427.4902344,32.916085137261284,0.0,0.375,-0.9999999989012909
2021-03-23,157.6387939453125,372.4010925292969,304.6885681152344,53.97918701171875,0.0,0.0,0.0,0.0,888.7076416015625,372401092.5292969,35.380211724175346,0.0,0.375,-0.9999999988747705
2021-03-24,150.7063751220703,364.7203674316406,307.3923034667969,55.3783073425293,0.0,0.0,0.0,0.0,878.1973533630371,364720367.4316406,34.37134000990126,0.0,0.375,-0.9999999988613038
2021-03-25,168.78958129882812,384.24945068359375,317.8369445800781,59.61064910888672,0.0,0.0,0.0,0.0,930.4866256713867,384249450.68359375,36.070977952745224,0.0,0.375,-0.9999999989252936
2021-03-26,169.89852905273438,387.13916015625,345.26507568359375,72.98042297363281,0.0,0.0,0.0,0.0,975.2831878662109,387139160.15625,34.90652635362413,0.0,0.375,-0.9999999989746567
2021-03-27,53.52720642089844,142.8556671142578,90.72149658203125,16.281417846679688,0.0,0.0,0.0,0.0,303.3857879638672,142855667.1142578,14.063805474175346,0.0,0.375,-0.9999999967038667
2021-03-28,154.7922821044922,369.0600891113281,323.2226867675781,63.5606575012207,0.0,0.0,0.0,0.0,910.6357154846191,369060089.1113281,33.94438129001193,0.0,0.375,-0.9999999989018661
2021-03-29,154.35630798339844,371.9002990722656,332.0408935546875,66.82698059082031,0.0,0.0,0.0,0.0,925.1244812011719,371900299.0722656,33.897035386827255,0.0,0.375,-0.9999999989190644
2021-03-30,84.4432144165039,222.61016845703125,209.23875427246094,39.003177642822266,0.0,0.0,0.0,0.0,555.2953147888184,222610168.45703125,20.40077675713433,0.0,0.375,-0.9999999981991564
2021-03-31,55.36121368408203,145.07310485839844,105.66397857666016,20.024065017700195,0.0,0.0,0.0,0.0,326.1223621368408,145073104.85839844,13.894337760077583,0.0,0.375,-0.9999999969336663
2021-04-01,20.43096351623535,53.20818328857422,39.61827087402344,7.621133804321289,0.0,0.0,0.0,0.0,120.8785514831543,53208183.28857422,5.0652277204725475,0.0,0.375,-0.9999999917272339
2021-04-02,104.88541412353516,272.0224609375,89.23538208007812,17.36635398864746,0.0,0.0,0.0,0.0,483.50961112976074,272022460.9375,28.295122994316948,0.0,0.375,-0.9999999979317888
2021-04-03,56.54632568359375,146.3912811279297,88.72329711914062,17.480785369873047,0.0,0.0,0.0,0.0,309.1416893005371,146391281.1279297,14.32338841756185,0.0,0.375,-0.9999999967652373
2021-04-04,203.78062438964844,419.16290283203125,348.18328857421875,79.75341033935547,0.0,0.0,0.0,0.0,1050.880226135254,419162902.83203125,37.71216583251953,0.0,0.375,-0.9999999990484166
2021-04-05,174.7274627685547,392.3741455078125,337.8748779296875,74.39230346679688,0.0,0.0,0.0,0.0,979.3687896728516,392374145.5078125,35.33131578233507,0.0,0.375,-0.9999999989789342
2021-04-06,108.50709533691406,276.6412353515625,276.1100769042969,56.34770584106445,0.0,0.0,0.0,0.0,717.6061134338379,276641235.3515625,24.477058834499783,0.0,0.375,-0.9999999986064779
2021-04-07,83.07624053955078,211.168212890625,78.33113098144531,16.16279411315918,0.0,0.0,0.0,0.0,388.7383785247803,211168212.890625,21.667268753051758,0.0,0.375,-0.9999999974275758
2021-04-08,166.24044799804688,381.2720947265625,320.6309814453125,69.8929214477539,0.0,0.0,0.0,0.0,938.0364456176758,381272094.7265625,34.59768591986762,0.0,0.375,-0.9999999989339433
2021-04-09,189.26918029785156,404.5263977050781,372.5050048828125,99.44347381591797,0.0,0.0,0.0,0.0,1065.7440567016602,404526397.7050781,33.89810265435113,0.0,0.375,-0.9999999990616883
2021-04-10,160.5941925048828,373.1535339355469,321.2606506347656,70.68485260009766,0.0,0.0,0.0,0.0,925.693229675293,373153533.9355469,33.607631259494354,0.0,0.375,-0.9999999989197286
2021-04-11,19.950502395629883,49.614315032958984,37.9173469543457,8.16520881652832,0.0,0.0,0.0,0.0,115.64737319946289,49614315.032958984,4.605456246270074,0.0,0.375,-0.9999999913530246
2021-04-12,38.269752502441406,94.84168243408203,37.387271881103516,8.127815246582031,0.0,0.0,0.0,0.0,178.62652206420898,94841682.43408203,9.634874131944445,0.0,0.375,-0.9999999944017273
2021-04-13,128.49758911132812,314.3646545410156,199.07586669921875,43.54062271118164,0.0,0.0,0.0,0.0,685.4787330627441,314364654.5410156,30.091559092203777,0.0,0.375,-0.9999999985411655
2021-04-14,78.03424835205078,192.1030731201172,132.53616333007812,29.25128173828125,0.0,0.0,0.0,0.0,431.92476654052734,192103073.1201172,18.09464348687066,0.0,0.375,-0.999999997684782
2021-04-15,153.27310180664062,361.30023193359375,309.52081298828125,70.22592163085938,0.0,0.0,0.0,0.0,894.320068359375,361300231.93359375,32.341590033637154,0.0,0.375,-0.9999999988818321
2021-04-16,138.1915740966797,330.7147521972656,258.90106201171875,58.09662628173828,0.0,0.0,0.0,0.0,785.9040145874023,330714752.1972656,30.290902879503037,0.0,0.375,-0.9999999987275799
2021-04-17,180.54519653320312,394.531982421875,356.62786865234375,91.26543426513672,0.0,0.0,0.0,0.0,1022.9704818725586,394531982.421875,33.696283128526474,0.0,0.375,-0.9999999990224547
2021-04-18,187.8561553955078,403.59130859375,337.35455322265625,81.20314025878906,0.0,0.0,0.0,0.0,1010.0051574707031,403591308.59375,35.82090759277344,0.0,0.375,-0.9999999990099061
2021-04-19,181.19259643554688,395.5093078613281,380.2726135253906,108.29761505126953,0.0,0.0,0.0,0.0,1065.2721328735352,395509307.8613281,31.912410312228733,0.0,0.375,-0.9999999990612727
2021-04-20,114.86381530761719,274.7464599609375,227.8868408203125,52.85811996459961,0.0,0.0,0.0,0.0,670.3552360534668,274746459.9609375,24.654259999593098,0.0,0.375,-0.9999999985082536
2021-04-21,132.56460571289062,314.0358581542969,87.77668762207031,20.563602447509766,0.0,0.0,0.0,0.0,554.9407539367676,314035858.1542969,32.608028411865234,0.0,0.375,-0.9999999981980059
2021-04-22,19.614152908325195,46.52309036254883,39.78539276123047,9.401029586791992,0.0,0.0,0.0,0.0,115.32366561889648,46523090.36254883,4.124673419528538,0.0,0.375,-0.9999999913287531
2021-04-23,78.63150787353516,186.33999633789062,84.73663330078125,20.143356323242188,0.0,0.0,0.0,0.0,369.8514938354492,186339996.33789062,18.466293334960938,0.0,0.375,-0.9999999972962121
2021-04-24,181.3173370361328,397.58624267578125,252.696044921875,60.36399841308594,0.0,0.0,0.0,0.0,891.963623046875,397586242.67578125,37.46913825141059,0.0,0.375,-0.999999998878878
2021-04-25,113.61072540283203,266.448486328125,182.0322723388672,43.746116638183594,0.0,0.0,0.0,0.0,605.8376007080078,266448486.328125,24.744707743326824,0.0,0.375,-0.9999999983493927
2021-04-26,202.18902587890625,418.67376708984375,389.4124450683594,116.09635162353516,0.0,0.0,0.0,0.0,1126.3715896606445,418673767.08984375,33.619712829589844,0.0,0.375,-0.9999999991121934
2021-04-27,33.49818801879883,78.12437438964844,50.68015670776367,12.38702392578125,0.0,0.0,0.0,0.0,174.6897430419922,78124374.38964844,7.304150051540798,0.0,0.375,-0.9999999942755655
2021-04-28,148.20054626464844,340.1048583984375,203.69187927246094,49.80888748168945,0.0,0.0,0.0,0.0,741.8061714172363,340104858.3984375,32.25510787963867,0.0,0.375,-0.999999998651939
2021-04-29,249.22666931152344,457.4549865722656,354.99493408203125,93.31997680664062,0.0,0.0,0.0,0.0,1154.996566772461,457454986.5722656,40.459445529513886,0.0,0.375,-0.9999999991341965
2021-04-30,209.7492218017578,424.9476013183594,388.69091796875,116.09771728515625,0.0,0.0,0.0,0.0,1139.4854583740234,424947601.3183594,34.31665378146701,0.0,0.375,-0.9999999991224108
2021-05-01,248.04864501953125,456.810791015625,405.7307434082031,135.3276824951172,0.0,0.0,0.0,0.0,1245.9178619384766,456810791.015625,35.720345391167534,0.0,0.375,-0.9999999991973788
2021-05-02,212.60357666015625,427.0856018066406,385.9315490722656,114.88147735595703,0.0,0.0,0.0,0.0,1140.5022048950195,427085601.8066406,34.689347161187065,0.0,0.375,-0.9999999991231932
2021-05-03,214.46435546875,429.6492919921875,385.4970703125,114.06353759765625,0.0,0.0,0.0,0.0,1143.6742553710938,429649291.9921875,35.065083821614586,0.0,0.375,-0.9999999991256251
2021-05-04,32.89476776123047,75.14466857910156,152.12594604492188,39.002132415771484,0.0,0.0,0.0,0.0,299.1675148010254,152125946.04492188,13.247908698187935,0.0,0.375,-0.9999999966573911
2021-05-05,188.33609008789062,400.81317138671875,392.0440979003906,122.26403045654297,0.0,0.0,0.0,0.0,1103.457389831543,400813171.38671875,30.94990454779731,0.0,0.375,-0.9999999990937574
2021-05-06,122.2891616821289,278.09149169921875,343.9523620605469,92.70492553710938,0.0,0.0,0.0,0.0,837.0379409790039,343952362.0605469,27.9163818359375,0.0,0.375,-0.999999998805311
2021-05-07,210.36029052734375,424.92108154296875,352.9935302734375,96.53424072265625,0.0,0.0,0.0,0.0,1084.8091430664062,424921081.54296875,36.4874267578125,0.0,0.375,-0.9999999990781787
2021-05-08,154.7123260498047,344.32598876953125,344.9758605957031,93.74100494384766,0.0,0.0,0.0,0.0,937.7551803588867,344975860.5957031,27.914983961317276,0.0,0.375,-0.9999999989336236
2021-05-09,219.67788696289062,432.8871765136719,400.7838439941406,130.3070831298828,0.0,0.0,0.0,0.0,1183.655990600586,432887176.5136719,33.62001037597656,0.0,0.375,-0.9999999991551598
2021-05-10,214.57920837402344,428.3001708984375,395.3384704589844,124.70706939697266,0.0,0.0,0.0,0.0,1162.924919128418,428300170.8984375,33.732566833496094,0.0,0.375,-0.9999999991400992
2021-05-11,82.2526626586914,184.4133758544922,88.4022445678711,23.752403259277344,0.0,0.0,0.0,0.0,378.82068634033203,184413375.8544922,17.851219177246094,0.0,0.375,-0.9999999973602286
2021-05-12,21.53364372253418,48.02000045776367,63.45484161376953,17.156408309936523,0.0,0.0,0.0,0.0,150.1648941040039,63454841.61376953,5.144270367092556,0.0,0.375,-0.9999999933406539
2021-05-13,31.631755828857422,70.35406494140625,82.60958862304688,22.453170776367188,0.0,0.0,0.0,0.0,207.04858016967773,82609588.62304688,6.6840464274088545,0.0,0.375,-0.9999999951702156
2021-05-14,64.69632720947266,143.66534423828125,339.8263854980469,96.11329650878906,0.0,0.0,0.0,0.0,644.3013534545898,339826385.4980469,30.570006476508247,0.0,0.375,-0.9999999984479313
2021-05-15,80.920166015625,179.34596252441406,324.72320556640625,92.74475860595703,0.0,0.0,0.0,0.0,677.7340927124023,324723205.56640625,27.08922661675347,0.0,0.375,-0.9999999985244951
2021-05-16,94.51423645019531,209.0496063232422,43.08980941772461,11.914741516113281,0.0,0.0,0.0,0.0,358.5683937072754,209049606.3232422,21.903873867458767,0.0,0.25,-0.9999999972111318
2021-05-17,245.24427795410156,453.4091796875,343.7562255859375,99.47026824951172,0.0,0.0,0.0,0.0,1141.8799514770508,453409179.6875,39.32654571533203,0.0,0.375,-0.9999999991242511
2021-05-18,62.57624053955078,137.51576232910156,307.643310546875,86.28630065917969,0.0,0.0,0.0,0.0,594.021614074707,307643310.546875,27.229674445258247,0.0,0.375,-0.9999999983165596
2021-05-19,74.72537994384766,163.92343139648438,42.835914611816406,12.029844284057617,0.0,0.0,0.0,0.0,293.51457023620605,163923431.39648438,16.877065234714085,0.0,0.375,-0.9999999965930141
2021-05-20,47.01029586791992,102.77983856201172,111.9548110961914,31.545400619506836,0.0,0.0,0.0,0.0,293.2903461456299,111954811.0961914,8.934378941853842,0.0,0.375,-0.9999999965904094
2021-05-21,206.71910095214844,416.06689453125,404.8068542480469,136.9906768798828,0.0,0.0,0.0,0.0,1164.5835266113281,416066894.53125,31.008468627929688,0.0,0.375,-0.9999999991413239
2021-05-22,264.3187255859375,467.1575927734375,390.1243896484375,125.63851165771484,0.0,0.0,0.0,0.0,1247.2392196655273,467157592.7734375,37.94656456841363,0.0,0.375,-0.9999999991982291
2021-05-23,40.87010955810547,88.76334381103516,42.71509552001953,12.216765403747559,0.0,0.0,0.0,0.0,184.56531429290771,88763343.81103516,8.505175378587511,0.0,0.375,-0.999999994581864
2021-05-24,208.32325744628906,417.991943359375,360.7105407714844,108.16875457763672,0.0,0.0,0.0,0.0,1095.1944961547852,417991943.359375,34.424798753526474,0.0,0.375,-0.99999999908692
2021-05-25,180.63320922851562,379.173828125,395.6453552246094,131.1441650390625,0.0,0.0,0.0,0.0,1086.5965576171875,395645355.2246094,29.389021131727432,0.0,0.375,-0.9999999990796952
2021-05-26,24.51975440979004,52.928043365478516,43.58674621582031,12.6166410446167,0.0,0.0,0.0,0.0,133.65118503570557,52928043.365478516,4.47904470231798,0.0,0.375,-0.9999999925178367
2021-05-27,113.08967590332031,244.54884338378906,351.5143127441406,105.69477081298828,0.0,0.0,0.0,0.0,814.8476028442383,351514312.7441406,27.313282436794704,0.0,0.5,-0.9999999987727767
2021-05-28,146.4306182861328,313.87744140625,99.47746276855469,28.96210479736328,0.0,0.0,0.0,0.0,588.7476272583008,313877441.40625,31.657259623209637,0.0,0.375,-0.9999999983014793
2021-05-29,240.1094512939453,446.60003662109375,316.7608642578125,93.37885284423828,0.0,0.0,0.0,0.0,1096.8492050170898,446600036.62109375,39.24679819742838,0.0,0.375,-0.9999999990882975
2021-05-30,248.88461303710938,453.2698974609375,410.323486328125,145.911865234375,0.0,0.0,0.0,0.0,1258.3898620605469,453269897.4609375,34.15089246961806,0.0,0.375,-0.9999999992053337
2021-05-31,134.58984375,288.1496276855469,298.29217529296875,87.94849395751953,0.0,0.0,0.0,0.0,808.9801406860352,298292175.29296875,23.371520148383247,0.0,0.375,-0.9999999987638757
2021-06-01,214.4023895263672,421.46551513671875,154.8421630859375,45.58673095703125,0.0,0.0,0.0,0.0,836.2967987060547,421465515.13671875,41.764309353298614,0.0,0.375,-0.9999999988042523
2021-06-02,33.55472183227539,71.6701889038086,117.52532196044922,34.741294860839844,0.0,0.0,0.0,0.0,257.49152755737305,117525321.96044922,9.330066680908203,0.0,0.5,-0.9999999961163771
2021-06-03,100.66061401367188,215.2583465576172,42.298404693603516,12.555442810058594,0.0,0.0,0.0,0.0,370.7728080749512,215258346.5576172,22.522544860839844,0.0,0.25,-0.9999999973029307
2021-06-04,183.64537048339844,377.98626708984375,192.0526885986328,56.89426803588867,0.0,0.0,0.0,0.0,810.5785942077637,377986267.08984375,35.67688878377279,0.0,0.375,-0.9999999987663133
2021-06-05,233.46405029296875,437.4947204589844,414.9991760253906,153.9847869873047,0.0,0.0,0.0,0.0,1239.9427337646484,437494720.4589844,31.50110371907552,0.0,0.375,-0.999999999193511
2021-06-06,178.8961181640625,371.31866455078125,421.9267578125,161.48846435546875,0.0,0.0,0.0,0.0,1133.6300048828125,421926757.8125,28.93758816189236,0.0,0.5,-0.9999999991178778
2021-06-07,173.76312255859375,362.18756103515625,313.7001647949219,94.48680877685547,0.0,0.0,0.0,0.004573247395455837,944.1422304129228,362187561.03515625,29.74452802870009,0.000508138599495093,0.375,-0.9999903113169959
2021-06-08,131.29470825195312,279.0835266113281,324.03643798828125,99.22344207763672,0.0,0.0,0.0,0.0849323645234108,833.7230472937226,324036437.98828125,24.979221767849392,0.009436929391490089,0.375,-0.9997962564074552
2021-06-09,197.49095153808594,397.9863586425781,267.596923828125,80.4101333618164,0.0,0.0,0.0,0.18177016079425812,943.6661375313997,397986358.6425781,35.28624725341797,0.020196684532695346,0.375,-0.9996147564199408
2021-06-10,66.74931335449219,141.58436584472656,55.78889083862305,16.79636001586914,0.0,0.0,0.0,0.056701235473155975,280.9756312891841,141584365.84472656,13.865333980984158,0.0063001372747951085,0.375,-0.9995963939291732
2021-06-11,108.25642395019531,229.81784057617188,253.2847900390625,76.16471862792969,0.0,0.0,0.0,0.35740265250205994,667.8811758458614,253284790.0390625,19.680007934570312,0.03971140583356222,0.375,-0.9989297403044358
2021-06-12,214.6118927001953,420.0404968261719,285.4837951660156,86.18737030029297,0.0,0.0,0.0,0.49610623717308044,1006.8196612298489,420040496.8261719,37.09479183620877,0.05512291524145338,0.375,-0.9990145072533162
2021-06-13,78.77731323242188,166.85203552246094,72.34627532958984,21.858800888061523,0.0,0.0,0.0,0.14541421830654144,339.9798391908407,166852035.52246094,16.11035940382216,0.016157135367393494,0.375,-0.9991445685825082
2021-06-14,80.22315979003906,169.84429931640625,303.9526062011719,92.20345306396484,0.0,0.0,0.0,0.6994091868400574,646.9229275584221,303952606.2011719,24.858827379014755,0.07771213187111749,0.375,-0.9978377341226764
2021-06-15,37.97306442260742,80.22908020019531,245.88442993164062,74.33158874511719,0.0,0.0,0.0,0.6184252500534058,439.03658854961395,245884429.93164062,23.10126283433702,0.06871391667260064,0.375,-0.9971828054208975
2021-06-16,95.53894805908203,202.21031188964844,248.45040893554688,75.1635513305664,0.0,0.0,0.0,0.6751654744148254,622.0383856892586,248450408.93554688,19.254095289442276,0.07501838604609172,0.375,-0.9978291822856518
2021-06-17,26.509702682495117,55.95460891723633,129.15325927734375,39.107540130615234,0.0,0.0,0.0,0.35990604758262634,251.08501705527306,129153259.27734375,11.404839621649849,0.03998956084251404,0.375,-0.9971331897827261
2021-06-18,23.13434600830078,48.812286376953125,66.3723373413086,20.137481689453125,0.0,0.0,0.0,0.19349324703216553,158.6499446630478,66372337.341308594,5.137206183539496,0.021499249670240615,0.5,-0.9975607461291778
2021-06-19,36.31371307373047,76.63008880615234,56.083953857421875,17.02635383605957,0.0,0.0,0.0,0.16768865287303925,186.2217982262373,76630088.80615234,6.622637218899197,0.018632072541448805,0.375,-0.9981990384201013
2021-06-20,127.5409164428711,269.1907043457031,273.85205078125,83.09479522705078,0.0,0.0,0.0,0.8593490123748779,754.5378158092499,273852050.78125,21.195250617133247,0.09548322359720866,0.375,-0.9977221830550287
2021-06-21,248.1640167236328,450.789306640625,389.3714294433594,134.62791442871094,0.0,0.0,0.0,1.4408597946166992,1224.3935270309448,450789306.640625,35.12904357910156,0.1600955327351888,0.375,-0.9976464098157495
2021-06-22,191.28216552734375,388.6778869628906,420.56622314453125,162.44203186035156,0.0,0.0,0.0,1.871268630027771,1164.839576125145,420566223.14453125,28.680465698242188,0.20791873666975233,0.5,-0.9967870783809627
2021-06-23,268.75299072265625,467.1296691894531,389.9856872558594,132.6000213623047,0.0,0.0,0.0,1.3620898723602295,1259.8304584026337,467129669.1894531,37.16996086968316,0.1513433191511366,0.375,-0.9978376608341314
2021-06-24,225.12664794921875,429.2861022949219,403.3087158203125,142.8475341796875,0.0,0.0,0.0,1.4356168508529663,1202.0046170949936,429286102.2949219,31.826507568359375,0.15951298342810738,0.375,-0.9976112947833291
2021-06-25,194.3374786376953,392.9825439453125,375.20245361328125,121.62193298339844,0.0,0.0,0.0,1.1713095903396606,1085.3157187700272,392982543.9453125,30.15117899576823,0.13014551003774008,0.375,-0.9978415311434208
2021-06-26,76.93655395507812,162.7029571533203,93.19146728515625,28.23784065246582,0.0,0.0,0.0,0.2530161440372467,361.32183519005775,162702957.1533203,14.940568500094944,0.02811290489302741,0.375,-0.9985994943084251
2021-06-27,53.83546829223633,113.77717590332031,109.40300750732422,33.11369323730469,0.0,0.0,0.0,0.2793445289134979,310.40868946909904,113777175.90332031,8.962609185112846,0.031038280990388658,0.375,-0.9982001468548362
2021-06-28,85.85643768310547,181.8156280517578,268.98858642578125,82.5805892944336,0.0,0.0,0.0,0.6423410177230835,619.8835824728012,268988586.42578125,20.71199968126085,0.07137122419145372,0.5,-0.9979275414453648
2021-06-29,198.9048309326172,400.174072265625,369.8868713378906,118.08672332763672,0.0,0.0,0.0,0.8458048701286316,1087.8983027338982,400174072.265625,31.34303877088759,0.09397831890318128,0.375,-0.9984450653756409
2021-06-30,200.7717742919922,403.81451416015625,282.1612243652344,85.56034851074219,0.0,0.0,0.0,0.5374090671539307,972.8452703952789,403814514.16015625,35.361573961046005,0.05971211857265896,0.375,-0.9988951797722506
2021-07-01,206.44789123535156,410.3504943847656,374.5326232910156,120.27198791503906,0.0,0.0,0.0,0.630486011505127,1112.233482837677,410350494.3847656,32.23094516330295,0.07005400127834743,0.375,-0.9988662695006633
2021-07-02,23.096832275390625,48.90242385864258,136.8992919921875,41.16531753540039,0.0,0.0,0.0,0.16963478922843933,250.23350045084953,136899291.9921875,12.644717746310764,0.018848309914271038,0.375,-0.9986441840261604
2021-07-03,130.21865844726562,276.28472900390625,48.877105712890625,14.705888748168945,0.0,0.0,0.0,0.04204678535461426,470.12842869758606,276284729.00390625,29.06431558397081,0.004671865039401584,0.25,-0.9998211242601021
2021-07-04,23.08289337158203,48.94767379760742,47.701942443847656,14.327753067016602,0.0,0.0,0.0,0.02270893007516861,134.08297161012888,48947673.79760742,3.8466578589545355,0.0025232144527965123,0.375,-0.9996612630279134
2021-07-05,171.60572814941406,358.3209228515625,343.02685546875,105.11091613769531,0.0,0.0,0.0,0.036751728504896164,978.1011743359268,358320922.8515625,28.134445190429688,0.004083525389432907,0.375,-0.9999248498428759
2021-07-06,214.88648986816406,420.3119812011719,301.2089538574219,90.83826446533203,0.0,0.0,0.0,0.0,1027.2456893920898,420311981.2011719,36.60819074842665,0.0,0.375,-0.9999999990265229
2021-07-07,223.78221130371094,430.3600158691406,364.0511169433594,115.1730728149414,0.0,0.0,0.0,0.0,1133.3664169311523,430360015.8691406,35.02077145046658,0.0,0.375,-0.9999999991176727
2021-07-08,37.94218826293945,80.8079605102539,217.14236450195312,64.4174575805664,0.0,0.0,0.0,0.0,400.3099708557129,217142364.50195312,19.91113069322374,0.0,0.375,-0.9999999975019358
2021-07-09,195.5245361328125,397.189697265625,336.189697265625,101.85612487792969,0.0,0.0,0.0,0.0,1030.7600555419922,397189697.265625,32.81484137641059,0.0,0.375,-0.999999999029842
2021-07-10,219.0864715576172,426.32452392578125,89.28530883789062,26.446353912353516,0.0,0.0,0.0,0.0,761.1426582336426,426324523.92578125,44.430907779269745,0.0,0.25,-0.9999999986861858
2021-07-11,120.5932388305664,258.3861999511719,318.44189453125,95.38565063476562,0.0,0.0,0.0,0.0,792.8069839477539,318441894.53125,24.784027099609375,0.0,0.375,-0.999999998738659
2021-07-12,234.95767211914062,441.1119079589844,345.49200439453125,105.08871459960938,0.0,0.0,0.0,0.0,1126.6502990722656,441111907.9589844,37.335910373263886,0.0,0.375,-0.999999999112413
2021-07-13,167.57183837890625,353.2170715332031,329.4889831542969,98.73363494873047,0.0,0.0,0.0,0.0,949.0115280151367,353217071.5332031,28.27593739827474,0.0,0.375,-0.999999998946272
2021-07-14,234.9012908935547,441.38262939453125,401.8158874511719,137.8634490966797,0.0,0.0,0.0,0.0,1215.9632568359375,441382629.39453125,33.72435336642795,0.0,0.375,-0.9999999991776066
2021-07-15,220.9934844970703,428.19891357421875,382.75421142578125,122.5756607055664,0.0,0.0,0.0,0.0,1154.5222702026367,428198913.57421875,33.95813920762804,0.0,0.375,-0.9999999991338407
2021-07-16,128.8824462890625,277.9336853027344,186.6367645263672,54.113990783691406,0.0,0.0,0.0,0.0,647.5668869018555,277933685.3027344,24.86885494656033,0.0,0.375,-0.9999999984557579
2021-07-17,65.22742462158203,140.84547424316406,129.60662841796875,37.50556564331055,0.0,0.0,0.0,0.0,373.1850929260254,140845474.24316406,11.48221206665039,0.0,0.375,-0.9999999973203646
2021-07-18,182.09779357910156,381.0118408203125,270.9460144042969,78.1745834350586,0.0,0.0,0.0,0.0,912.2302322387695,381011840.8203125,33.6485841539171,0.0,0.375,-0.9999999989037855
2021-07-19,217.60194396972656,427.1849060058594,403.97705078125,137.9314422607422,0.0,0.0,0.0,0.0,1186.6953430175781,427184906.0058594,32.139273749457466,0.0,0.375,-0.9999999991573236
2021-07-20,196.66580200195312,402.4400329589844,366.6285705566406,112.46158599853516,0.0,0.0,0.0,0.0,1078.1959915161133,402440032.9589844,32.21982744004991,0.0,0.375,-0.9999999990725248
2021-07-21,129.35691833496094,280.5728454589844,272.2729187011719,78.13399505615234,0.0,0.0,0.0,0.0,760.3366775512695,280572845.4589844,22.49320560031467,0.0,0.375,-0.9999999986847932
2021-07-22,102.36701965332031,223.52780151367188,134.0756378173828,37.99817657470703,0.0,0.0,0.0,0.0,497.96863555908203,223527801.51367188,20.614402770996094,0.0,0.375,-0.9999999979918414
2021-07-23,218.353271484375,429.4512023925781,319.9449462890625,99.15216064453125,0.0,0.0,0.0,0.0,1066.9015808105469,429451202.3925781,36.69989352756076,0.0,0.375,-0.9999999990627063
2021-07-24,27.2254695892334,59.545738220214844,55.99462890625,15.757095336914062,0.0,0.0,0.0,0.0,158.5229320526123,59545738.220214844,4.865404764811198,0.0,0.375,-0.9999999936917645
2021-07-25,29.37210464477539,64.3913803100586,96.62261199951172,27.034395217895508,0.0,0.0,0.0,0.0,217.4204921722412,96622611.99951172,7.732024086846246,0.0,0.375,-0.9999999954006176
2021-07-26,35.52134704589844,78.08800506591797,41.65513610839844,11.61124324798584,0.0,0.0,0.0,0.0,166.87573146820068,78088005.06591797,7.386306868659125,0.0,0.375,-0.9999999940075169
2021-07-27,23.161149978637695,51.01288986206055,46.64542007446289,12.932036399841309,0.0,0.0,0.0,0.0,133.75149631500244,51012889.86206055,4.231205940246582,0.0,0.375,-0.9999999925234482
2021-07-28,96.80735778808594,214.4136505126953,258.46368408203125,71.08094787597656,0.0,0.0,0.0,0.0,640.7656402587891,258463684.08203125,20.820304022894966,0.0,0.375,-0.999999998439367
2021-07-29,205.45689392089844,417.7019348144531,388.2001647949219,120.8701400756836,0.0,0.0,0.0,0.0,1132.229133605957,417701934.8144531,32.981310526529946,0.0,0.375,-0.9999999991167865
2021-07-30,218.75222778320312,431.25311279296875,371.84033203125,108.97759246826172,0.0,0.0,0.0,0.0,1130.8232650756836,431253112.79296875,35.80839114718967,0.0,0.375,-0.9999999991156884
2021-07-31,189.90562438964844,400.80841064453125,384.4252014160156,116.2850570678711,0.0,0.0,0.0,0.0,1091.4242935180664,400808410.64453125,31.61370595296224,0.0,0.375,-0.9999999990837659
2021-08-01,174.9535675048828,376.2498779296875,341.4283142089844,94.15544128417969,0.0,0.0,0.0,0.0,986.7872009277344,376249877.9296875,31.343826293945312,0.0,0.375,-0.9999999989866103
2021-08-02,199.46058654785156,398.1323547363281,398.25714111328125,126.7912368774414,0.0,0.0,0.0,0.0,1122.6413192749023,398257141.11328125,30.16287824842665,0.0,0.375,-0.9999999991092434
2021-08-03,54.02604675292969,121.51588439941406,259.2044982910156,70.2037582397461,0.0,0.0,0.0,0.0,504.95018768310547,259204498.29101562,22.797605726453995,0.0,0.375,-0.9999999980196066
2021-08-04,200.56727600097656,408.3239440917969,212.5806121826172,56.41238784790039,0.0,0.0,0.0,0.0,877.884220123291,408323944.0917969,39.10128402709961,0.0,0.375,-0.9999999988608976
2021-08-05,214.5206298828125,420.075439453125,403.03399658203125,133.9829559326172,0.0,0.0,0.0,0.0,1171.613021850586,420075439.453125,31.78805372450087,0.0,0.375,-0.9999999991464757
2021-08-06,218.93096923828125,434.2159423828125,419.3377380371094,151.82821655273438,0.0,0.0,0.0,0.0,1224.3128662109375,434215942.3828125,31.376413981119793,0.0,0.375,-0.9999999991832152
2021-08-07,227.31935119628906,436.769287109375,401.5043640136719,132.9900665283203,0.0,0.0,0.0,0.0,1198.5830688476562,436769287.109375,33.7532467312283,0.0,0.375,-0.9999999991656814
2021-08-08,220.06884765625,435.84197998046875,414.41265869140625,144.77752685546875,0.0,0.0,0.0,0.0,1215.1010131835938,435841979.98046875,32.340494791666664,0.0,0.375,-0.9999999991770231
2021-08-09,214.24960327148438,430.255615234375,405.27850341796875,133.68475341796875,0.0,0.0,0.0,0.0,1183.4684753417969,430255615.234375,32.95231797960069,0.0,0.375,-0.999999999155026
2021-08-10,87.53108978271484,201.20880126953125,124.70488739013672,31.621337890625,0.0,0.0,0.0,0.0,445.0661163330078,201208801.26953125,18.84305148654514,0.0,0.375,-0.9999999977531429
2021-08-11,20.934099197387695,48.12059783935547,95.54580688476562,24.065021514892578,0.0,0.0,0.0,0.0,188.66552543640137,95545806.88476562,8.290189743041992,0.0,0.375,-0.9999999946996146
2021-08-12,77.0252456665039,177.9978485107422,65.79550170898438,16.44821548461914,0.0,0.0,0.0,0.0,337.2668113708496,177997848.5107422,17.949959225124783,0.0,0.375,-0.9999999970349884
2021-08-13,77.7787857055664,180.31629943847656,41.0477294921875,10.190978050231934,0.0,0.0,0.0,0.0,309.3337926864624,180316299.43847656,18.902813487582737,0.0,0.375,-0.9999999967672462
2021-08-14,67.35492706298828,156.52224731445312,105.04307556152344,25.866235733032227,0.0,0.0,0.0,0.0,354.78648567199707,156522247.31445312,14.517334620157877,0.0,0.375,-0.9999999971814033
2021-08-15,48.616580963134766,113.22765350341797,44.84345245361328,10.996520042419434,0.0,0.0,0.0,0.0,217.68420696258545,113227653.50341797,11.359014828999838,0.0,0.375,-0.9999999954061896
2021-08-16,105.81835174560547,247.5942840576172,57.3739013671875,13.97531509399414,0.0,0.0,0.0,0.0,424.7618522644043,247594284.0576172,25.95766321818034,0.0,0.375,-0.9999999976457397
2021-08-17,169.61297607421875,379.0748291015625,378.76824951171875,108.83109283447266,0.0,0.0,0.0,0.0,1036.2871475219727,379074829.1015625,30.027081807454426,0.0,0.375,-0.9999999990350164
2021-08-18,182.1797332763672,397.5209655761719,334.1026306152344,82.62860870361328,0.0,0.0,0.0,0.0,996.4319381713867,397520965.5761719,34.98803965250651,0.0,0.375,-0.9999999989964191
2021-08-19,184.72401428222656,401.19866943359375,329.4037170410156,80.83665466308594,0.0,0.0,0.0,0.0,996.1630554199219,401198669.43359375,35.59577941894531,0.0,0.375,-0.9999999989961483
2021-08-20,93.09739685058594,221.09889221191406,120.68822479248047,28.5500545501709,0.0,0.0,0.0,0.0,463.43456840515137,221098892.21191406,21.39431529574924,0.0,0.375,-0.9999999978421981
2021-08-21,163.5259246826172,369.6507873535156,257.1294250488281,60.400753021240234,0.0,0.0,0.0,0.0,850.7068901062012,369650787.3535156,34.36111492580838,0.0,0.375,-0.999999998824507
2021-08-22,173.61341857910156,388.06549072265625,280.4669494628906,65.51904296875,0.0,0.0,0.0,0.0,907.6649017333984,388065490.72265625,35.83849419487847,0.0,0.375,-0.9999999988982718
2021-08-23,199.94065856933594,415.6120300292969,344.3316955566406,84.1962661743164,0.0,0.0,0.0,0.0,1044.0806503295898,415612030.0292969,36.8239737616645,0.0,0.375,-0.9999999990422195
2021-08-24,55.67036819458008,134.0625,239.7003173828125,54.99473571777344,0.0,0.0,0.0,0.0,484.427921295166,239700317.3828125,20.522842407226562,0.0,0.25,-0.9999999979357094
2021-08-25,164.0638885498047,370.73199462890625,351.3656311035156,86.3992919921875,0.0,0.0,0.0,0.0,972.5608062744141,370731994.62890625,31.59252251519097,0.0,0.375,-0.9999999989717867
2021-08-26,162.0015411376953,374.00634765625,371.73468017578125,103.33435821533203,0.0,0.0,0.0,0.0,1011.0769271850586,374006347.65625,30.07466549343533,0.0,0.375,-0.9999999990109556
2021-08-27,108.0431137084961,263.36968994140625,124.51559448242188,27.86546516418457,0.0,0.0,0.0,0.0,523.7938632965088,263369689.94140625,26.167136086357964,0.0,0.375,-0.999999998090852
2021-08-28,112.49578857421875,275.24981689453125,319.5303649902344,73.0247802734375,0.0,0.0,0.0,0.0,780.3007507324219,319530364.9902344,27.389509412977432,0.0,0.375,-0.9999999987184429
2021-08-29,167.5291290283203,383.3119812011719,338.0419921875,78.47623443603516,0.0,0.0,0.0,0.0,967.3593368530273,383311981.2011719,33.87063852945963,0.0,0.375,-0.999999998966258
2021-08-30,64.7597885131836,160.3858642578125,212.82421875,46.290863037109375,0.0,0.0,0.0,0.0,484.26073455810547,212824218.75,18.503706190321182,0.0,0.375,-0.9999999979349967
2021-08-31,173.64356994628906,391.3936462402344,376.2611999511719,103.92308044433594,0.0,0.0,0.0,0.0,1045.2214965820312,391393646.2402344,31.941173977322048,0.0,0.375,-0.9999999990432649
2021-09-01,185.51544189453125,402.346923828125,329.7915954589844,73.59490966796875,0.0,0.0,0.0,0.0,991.2488708496094,402346923.828125,36.52800157335069,0.0,0.375,-0.9999999989911716
2021-09-02,25.782032012939453,64.53934478759766,131.00726318359375,27.697765350341797,0.0,0.0,0.0,0.0,249.02640533447266,131007263.18359375,11.691692352294922,0.0,0.25,-0.9999999959843616
2021-09-03,90.8009033203125,228.89199829101562,98.42657470703125,20.60982894897461,0.0,0.0,0.0,0.0,438.729305267334,228891998.29101562,23.14246326022678,0.0,0.375,-0.9999999977206903
2021-09-04,110.3701171875,278.6484069824219,160.83692932128906,33.263553619384766,0.0,0.0,0.0,0.0,583.1190071105957,278648406.9824219,27.264983707004124,0.0,0.375,-0.9999999982850842
2021-09-05,99.68556213378906,253.4261474609375,109.69802856445312,22.4898738861084,0.0,0.0,0.0,0.0,485.2996120452881,253426147.4609375,25.65958595275879,0.0,0.375,-0.9999999979394173
2021-09-06,51.0025520324707,130.2654266357422,172.56983947753906,34.898902893066406,0.0,0.0,0.0,0.0,388.73672103881836,172569839.47753906,15.296770731608072,0.0,0.375,-0.9999999974275648
2021-09-07,92.54055786132812,235.83131408691406,210.7171173095703,42.25885772705078,0.0,0.0,0.0,0.0,581.3478469848633,235831314.08691406,21.508050706651474,0.0,0.375,-0.9999999982798594
2021-09-08,27.0013484954834,69.57896423339844,35.45228958129883,7.034475803375244,0.0,0.0,0.0,0.0,139.0670781135559,69578964.23339844,6.949387603335911,0.0,0.375,-0.9999999928092256
2021-09-09,158.95684814453125,376.9608154296875,192.04222106933594,37.506004333496094,0.0,0.0,0.0,0.0,765.4658889770508,376960815.4296875,37.717201232910156,0.0,0.375,-0.9999999986936061
2021-09-10,113.53764343261719,292.7777404785156,297.5821228027344,58.39626693725586,0.0,0.0,0.0,0.0,762.293773651123,297582122.8027344,26.57620620727539,0.0,0.375,-0.9999999986881698
2021-09-11,152.99652099609375,369.3292236328125,289.2133483886719,57.97780227661133,0.0,0.0,0.0,0.0,869.5168952941895,369329223.6328125,34.59460237291124,0.0,0.375,-0.9999999988499361
2021-09-12,112.49037170410156,287.7247314453125,34.07710647583008,6.423383712768555,0.0,0.0,0.0,0.0,440.7155933380127,287724731.4453125,31.255705303615994,0.0,0.25,-0.9999999977309629
2021-09-13,41.04130172729492,108.12744140625,89.65547180175781,16.641199111938477,0.0,0.0,0.0,0.0,255.4654140472412,108127441.40625,10.16513803270128,0.0,0.375,-0.9999999960855758
2021-09-14,70.05872344970703,185.83615112304688,127.17765045166016,23.25551986694336,0.0,0.0,0.0,0.0,406.3280448913574,185836151.12304688,18.0645145840115,0.0,0.375,-0.9999999975389343
2021-09-15,43.814292907714844,116.57246398925781,271.5181579589844,49.49686813354492,0.0,0.0,0.0,0.0,481.40178298950195,271518157.9589844,25.30042945014106,0.0,0.25,-0.9999999979227331
2021-09-16,129.85337829589844,333.6782531738281,280.739501953125,51.03626251220703,0.0,0.0,0.0,0.0,795.3073959350586,333678253.1738281,31.40466562906901,0.0,0.375,-0.9999999987426246
2021-09-17,171.62081909179688,387.9012756347656,346.0325622558594,73.70035552978516,0.0,0.0,0.0,0.0,979.255012512207,387901275.6347656,34.91121334499783,0.0,0.375,-0.9999999989788155
2021-09-18,159.44808959960938,376.24871826171875,341.2324523925781,70.33587646484375,0.0,0.0,0.0,0.0,947.26513671875,376248718.26171875,33.990315755208336,0.0,0.375,-0.9999999989443293
2021-09-19,139.8637237548828,353.8895568847656,296.54833984375,51.61956024169922,0.0,0.0,0.0,0.0,841.9211807250977,353889556.8847656,33.585555182562935,0.0,0.375,-0.9999999988122403
2021-09-20,19.65269660949707,53.55928039550781,151.91217041015625,25.374116897583008,0.0,0.0,0.0,0.0,250.49826431274414,151912170.41015625,14.695497088962131,0.0,0.25,-0.9999999960079564
2021-09-21,147.20506286621094,361.933349609375,328.8162841796875,61.398231506347656,0.0,0.0,0.0,0.0,899.3529281616211,361933349.609375,33.39279090033637,0.0,0.375,-0.9999999988880894
2021-09-22,178.826904296875,392.6685485839844,345.6068115234375,72.9561538696289,0.0,0.0,0.0,0.0,990.0584182739258,392668548.5839844,35.52359941270616,0.0,0.375,-0.9999999989899586
2021-09-23,144.9060516357422,359.04803466796875,328.5738525390625,60.56342697143555,0.0,0.0,0.0,0.0,893.091365814209,359048034.66796875,33.164956410725914,0.0,0.375,-0.9999999988802938
2021-09-24,112.53778839111328,308.1392517089844,260.37884521484375,40.66045379638672,0.0,0.0,0.0,0.0,721.7163391113281,308139251.7089844,29.719866434733074,0.0,0.375,-0.9999999986144141
2021-09-25,139.2998809814453,353.68280029296875,341.86822509765625,70.34993743896484,0.0,0.0,0.0,0.0,905.2008438110352,353682800.29296875,31.481429206000435,0.0,0.375,-0.9999999988952728
2021-09-26,145.45050048828125,360.9741516113281,327.95166015625,58.30207443237305,0.0,0.0,0.0,0.0,892.6783866882324,360974151.6113281,33.630230797661675,0.0,0.375,-0.9999999988797758
2021-09-27,154.4931182861328,370.2723083496094,310.80279541015625,49.51648712158203,0.0,0.0,0.0,0.0,885.0847091674805,370272308.3496094,35.63953569200304,0.0,0.375,-0.9999999988701647
2021-09-28,117.5117416381836,323.2035827636719,282.2770690917969,41.152259826660156,0.0,0.0,0.0,0.0,764.1446533203125,323203582.7636719,31.33903588189019,0.0,0.375,-0.9999999986913473
2021-09-29,69.93799591064453,201.95692443847656,51.68023681640625,7.252553939819336,0.0,0.0,0.0,0.0,330.8277111053467,201956924.43847656,21.633818944295246,0.0,0.375,-0.9999999969772786
2021-09-30,134.27468872070312,347.744873046875,296.4799499511719,42.76647186279297,0.0,0.0,0.0,0.0,821.265983581543,347744873.046875,33.88648902045356,0.0,0.375,-0.9999999987823677
2021-10-01,148.46421813964844,364.0970458984375,319.1528625488281,50.84788131713867,0.0,0.0,0.0,0.0,882.5620079040527,364097045.8984375,34.805462731255425,0.0,0.375,-0.9999999988669351
2021-10-02,131.23300170898438,345.084228515625,303.8490295410156,43.131221771240234,0.0,0.0,0.0,0.0,823.2974815368652,345084228.515625,33.55033408270942,0.0,0.375,-0.9999999987853723
2021-10-03,139.2847137451172,354.304931640625,315.47491455078125,48.30366134643555,0.0,0.0,0.0,0.0,857.368221282959,354304931.640625,34.00014114379883,0.0,0.375,-0.99999999883364
2021-10-04,136.54861450195312,351.3050537109375,301.06072998046875,41.55746078491211,0.0,0.0,0.0,0.0,830.4718589782715,351305053.7109375,34.41639921400282,0.0,0.375,-0.9999999987958653
2021-10-05,125.26996612548828,338.04638671875,302.41107177734375,42.05158233642578,0.0,0.0,0.0,0.0,807.7790069580078,338046386.71875,32.888311598036026,0.0,0.375,-0.9999999987620376
2021-10-06,117.0079345703125,327.88763427734375,296.6058654785156,40.13864517211914,0.0,0.0,0.0,0.0,781.640079498291,327887634.27734375,31.972109900580513,0.0,0.375,-0.9999999987206388
2021-10-07,101.19916534423828,299.53668212890625,226.65234375,27.265235900878906,0.0,0.0,0.0,0.0,654.6534271240234,299536682.12890625,30.25238291422526,0.0,0.375,-0.9999999984724742
2021-10-08,90.03887939453125,271.2364501953125,185.02597045898438,21.870962142944336,0.0,0.0,0.0,0.0,568.1722621917725,271236450.1953125,27.70727645026313,0.0,0.375,-0.9999999982399704
2021-10-09,115.84906768798828,326.4316101074219,195.17857360839844,22.937971115112305,0.0,0.0,0.0,0.0,660.3972225189209,326431610.1074219,33.72151544358995,0.0,0.375,-0.9999999984857598
2021-10-10,143.7840576171875,354.6161804199219,230.3402557373047,26.851802825927734,0.0,0.0,0.0,0.0,755.5922966003418,354616180.4199219,36.41826417711046,0.0,0.375,-0.999999998676535
2021-10-11,10.381954193115234,32.70307922363281,30.972856521606445,3.497811794281006,0.0,0.0,0.0,0.0,77.5557017326355,32703079.223632812,3.245029714372423,0.0,0.375,-0.9999999871060417
2021-10-12,81.22379302978516,257.2166442871094,89.61842346191406,9.948190689086914,0.0,0.0,0.0,0.0,438.0070514678955,257216644.28710938,27.474272622002495,0.0,0.375,-0.9999999977169317
2021-10-13,23.153545379638672,74.23157501220703,41.89617156982422,4.560243606567383,0.0,0.0,0.0,0.0,143.8415355682373,74231575.01220703,7.741259045071072,0.0,0.375,-0.9999999930479052
2021-10-14,45.52615737915039,147.31671142578125,113.27560424804688,12.146272659301758,0.0,0.0,0.0,0.0,318.2647457122803,147316711.42578125,15.018937640719944,0.0,0.375,-0.9999999968579618
2021-10-15,9.825437545776367,31.85464859008789,64.63050842285156,6.809380531311035,0.0,0.0,0.0,0.0,113.11997509002686,64630508.42285156,6.424569765726726,0.0,0.25,-0.9999999911598284
2021-10-16,33.19806671142578,108.45004272460938,25.35372543334961,2.623065233230591,0.0,0.0,0.0,0.0,169.62490010261536,108450042.72460938,11.758553054597643,0.0,0.375,-0.9999999941046391
2021-10-17,102.010986328125,302.7388916015625,195.95513916015625,20.126953125,0.0,0.0,0.0,0.0,620.8319702148438,302738891.6015625,31.401326497395832,0.0,0.375,-0.9999999983892582
2021-10-18,57.821659088134766,191.56610107421875,180.8402099609375,17.974239349365234,0.0,0.0,0.0,0.0,448.20220947265625,191566101.07421875,19.287984636094833,0.0,0.375,-0.9999999977688642
2021-10-19,24.970317840576172,82.91292572021484,40.630577087402344,3.9583303928375244,0.0,0.0,0.0,0.0,152.47215104103088,82912925.72021484,8.772732814153036,0.0,0.375,-0.9999999934414253
2021-10-20,22.90740394592285,76.49498748779297,37.52707290649414,3.5788395404815674,0.0,0.0,0.0,0.0,140.50830388069153,76494987.48779297,8.101794216367933,0.0,0.375,-0.999999992882983
2021-10-21,86.40691375732422,276.8904113769531,212.7396240234375,19.81365203857422,0.0,0.0,0.0,0.0,595.8506011962891,276890411.3769531,28.56408437093099,0.0,0.375,-0.9999999983217269
2021-10-22,54.23672103881836,184.29908752441406,111.5620346069336,10.17356014251709,0.0,0.0,0.0,0.0,360.2714033126831,184299087.52441406,19.347280820210774,0.0,0.375,-0.9999999972243149
2021-10-23,87.6341552734375,280.31805419921875,253.3689422607422,24.069299697875977,0.0,0.0,0.0,0.0,645.3904514312744,280318054.19921875,28.47208383348253,0.0,0.375,-0.9999999984505503
2021-10-24,104.3044662475586,307.3561706542969,258.0790100097656,24.95285415649414,0.0,0.0,0.0,0.0,694.6925010681152,307356170.6542969,31.378146277533638,0.0,0.375,-0.9999999985605142
2021-10-25,87.78926849365234,283.0664367675781,235.34698486328125,20.4262638092041,0.0,0.0,0.0,0.0,626.6289539337158,283066436.7675781,29.182241439819336,0.0,0.375,-0.9999999984041593
2021-10-26,60.819580078125,211.37069702148438,164.69723510742188,13.65125560760498,0.0,0.0,0.0,0.0,450.53876781463623,211370697.02148438,21.968826823764378,0.0,0.375,-0.9999999977804351
2021-10-27,84.54318237304688,278.9795227050781,205.89990234375,16.62281608581543,0.0,0.0,0.0,0.0,586.0454235076904,278979522.7050781,29.150745179918076,0.0,0.375,-0.9999999982936476
2021-10-28,94.70577239990234,291.266357421875,214.84873962402344,16.958236694335938,0.0,0.0,0.0,0.0,617.7791061401367,291266357.421875,30.478680080837673,0.0,0.375,-0.9999999983812985
2021-10-29,49.31702423095703,175.3305206298828,258.19158935546875,23.775432586669922,0.0,0.0,0.0,0.0,506.6145668029785,258191589.35546875,26.046239640977646,0.0,0.25,-0.9999999980261128
2021-10-30,80.96456909179688,272.177734375,201.2064666748047,14.895015716552734,0.0,0.0,0.0,0.0,569.2437858581543,272177734.375,28.586968739827473,0.0,0.375,-0.9999999982432834
2021-10-31,104.81827545166016,306.65594482421875,262.32562255859375,23.97705078125,0.0,0.0,0.0,0.0,697.7768936157227,306655944.82421875,31.408766004774307,0.0,0.375,-0.9999999985668772
2021-11-01,83.43782043457031,278.8997497558594,233.19207763671875,17.03131103515625,0.0,0.0,0.0,0.0,612.5609588623047,278899749.7558594,29.096493191189236,0.0,0.375,-0.9999999983675094
2021-11-02,31.319293975830078,114.33077239990234,95.10388946533203,6.387598037719727,0.0,0.0,0.0,0.0,247.14155387878418,114330772.39990234,11.993686040242514,0.0,0.375,-0.9999999959537359
2021-11-03,61.007816314697266,224.67640686035156,233.01708984375,15.9650239944458,0.0,0.0,0.0,0.0,534.6663370132446,233017089.84375,24.116896205478245,0.0,0.25,-0.9999999981296747
2021-11-04,57.90592575073242,214.6427001953125,30.058063507080078,1.869597315788269,0.0,0.0,0.0,0.0,304.47628676891327,214642700.1953125,23.641455875502693,0.0,0.25,-0.999999996715672
2021-11-05,51.45487594604492,192.62863159179688,193.85581970214844,11.861838340759277,0.0,0.0,0.0,0.0,449.8011655807495,193855819.70214844,20.221553484598797,0.0,0.25,-0.9999999977767955
2021-11-06,17.537899017333984,65.8598861694336,20.97132110595703,1.2110081911087036,0.0,0.0,0.0,0.0,105.58011448383331,65859886.169433594,7.183208664258321,0.0,0.375,-0.9999999905285196
2021-11-07,6.782962322235107,25.64419174194336,22.633771896362305,1.2569507360458374,0.0,0.0,0.0,0.0,56.31787669658661,25644191.74194336,2.7096934450997248,0.0,0.25,-0.9999999822436492
2021-11-08,75.83604431152344,266.7564392089844,219.45045471191406,12.429702758789062,0.0,0.0,0.0,0.0,574.4726409912109,266756439.20898438,28.258526272243923,0.0,0.375,-0.9999999982592731
2021-11-09,85.76163482666016,282.64105224609375,229.1676025390625,13.19338321685791,0.0,0.0,0.0,0.0,610.7636728286743,282641052.24609375,29.938629892137314,0.0,0.375,-0.9999999983627055
2021-11-10,73.50572204589844,263.4793701171875,218.9888153076172,11.47690200805664,0.0,0.0,0.0,0.0,567.4508094787598,263479370.1171875,28.000274234347874,0.0,0.375,-0.9999999982377327
2021-11-11,83.56060028076172,279.4692687988281,201.25538635253906,9.88996410369873,0.0,0.0,0.0,0.0,574.1752195358276,279469268.7988281,29.9532560772366,0.0,0.375,-0.9999999982583714
2021-11-12,75.88651275634766,268.1806335449219,213.63140869140625,10.10853385925293,0.0,0.0,0.0,0.0,567.8070888519287,268180633.54492188,28.674677742852104,0.0,0.375,-0.9999999982388385
2021-11-13,68.5302505493164,254.4045867919922,121.74166107177734,5.250976085662842,0.0,0.0,0.0,0.0,449.9274744987488,254404586.7919922,27.683734522925484,0.0,0.375,-0.9999999977774195
2021-11-14,71.90412139892578,261.6599426269531,226.1157989501953,10.52673053741455,0.0,0.0,0.0,0.0,570.2065935134888,261659942.62695312,27.903690232170952,0.0,0.375,-0.9999999982462496
2021-11-15,67.47026062011719,254.02748107910156,214.0071258544922,8.805645942687988,0.0,0.0,0.0,0.0,544.3105134963989,254027481.07910156,27.24687057071262,0.0,0.25,-0.9999999981628134
2021-11-16,26.376665115356445,107.44227600097656,127.2672119140625,4.671107769012451,0.0,0.0,0.0,0.0,265.75726079940796,127267211.9140625,13.621789349450005,0.0,0.25,-0.9999999962371677
2021-11-17,31.380342483520508,128.900146484375,79.51416778564453,2.7278339862823486,0.0,0.0,0.0,0.0,242.5224907398224,128900146.484375,14.019145833121406,0.0,0.375,-0.9999999958766711
2021-11-18,41.16778564453125,171.0442352294922,174.4636993408203,5.654941082000732,0.0,0.0,0.0,0.0,392.3306612968445,174463699.3408203,18.756528695424397,0.0,0.25,-0.9999999974511297
2021-11-19,63.910587310791016,249.1130828857422,215.43629455566406,7.160315990447998,0.0,0.0,0.0,0.0,535.6202807426453,249113082.8857422,26.8836407661438,0.0,0.25,-0.9999999981330058
2021-11-20,59.35371017456055,239.33399963378906,196.41107177734375,5.610459327697754,0.0,0.0,0.0,0.0,500.7092409133911,239333999.63378906,25.96928225623237,0.0,0.25,-0.9999999980028329
2021-11-21,19.261445999145508,81.53071594238281,36.3469352722168,0.943595290184021,0.0,0.0,0.0,0.0,138.08269250392914,81530715.94238281,8.954124516910976,0.0,0.375,-0.9999999927579628
2021-11-22,49.25007629394531,210.5381622314453,127.18673706054688,3.092562198638916,0.0,0.0,0.0,0.0,390.0675377845764,210538162.2314453,23.049511114756267,0.0,0.375,-0.9999999974363414
2021-11-23,62.75065231323242,247.29957580566406,183.93276977539062,4.126708984375,0.0,0.0,0.0,0.0,498.1097068786621,247299575.80566406,27.019207424587673,0.0,0.375,-0.9999999979924101
2021-11-24,59.94047927856445,242.14935302734375,209.9159698486328,4.719311714172363,0.0,0.0,0.0,0.0,516.7251138687134,242149353.02734375,26.381115701463486,0.0,0.25,-0.999999998064735
2021-11-25,64.72643280029297,251.69384765625,220.22532653808594,4.855756759643555,0.0,0.0,0.0,0.0,541.5013637542725,251693847.65625,27.426454544067383,0.0,0.25,-0.9999999981532826
2021-11-26,54.373046875,231.10438537597656,185.8787384033203,3.102191209793091,0.0,0.0,0.0,0.0,474.45836186408997,231104385.37597656,25.333577129575943,0.0,0.25,-0.9999999978923335
2021-11-27,61.72076416015625,247.12437438964844,166.69552612304688,2.458097457885742,0.0,0.0,0.0,0.0,477.9987621307373,247124374.38964844,27.185141881306965,0.0,0.375,-0.9999999979079444
2021-11-28,39.874114990234375,179.1480712890625,67.88262176513672,0.8904650807380676,0.0,0.0,0.0,0.0,287.79527312517166,179148071.2890625,19.806400689813827,0.0,0.375,-0.9999999965253078
2021-11-29,35.33702850341797,159.5500030517578,185.2254180908203,2.108771562576294,0.0,0.0,0.0,0.0,382.2212212085724,185225418.0908203,20.34629405869378,0.0,0.25,-0.9999999973837141
2021-11-30,42.66046142578125,194.97216796875,181.59735107421875,1.7676960229873657,0.0,0.0,0.0,0.0,420.99767649173737,194972167.96875,21.467163549529182,0.0,0.25,-0.9999999976246899
2021-12-01,54.43888473510742,233.6811981201172,196.04019165039062,1.6859105825424194,0.0,0.0,0.0,0.0,485.84618508815765,233681198.1201172,25.77725417084164,0.0,0.25,-0.9999999979417354
2021-12-02,60.53640365600586,246.03652954101562,214.42652893066406,1.686189889907837,0.0,0.0,0.0,0.0,522.6856520175934,246036529.54101562,27.150037739011978,0.0,0.25,-0.9999999980868042
2021-12-03,52.38936996459961,230.17196655273438,190.23092651367188,1.0064351558685303,0.0,0.0,0.0,0.0,473.7986981868744,230171966.55273438,25.46283682187398,0.0,0.25,-0.999999997889399
2021-12-04,57.13375473022461,240.2880859375,200.48098754882812,0.8110181093215942,0.0,0.0,0.0,0.0,498.71384632587433,240288085.9375,26.60856309201982,0.0,0.25,-0.9999999979948421
2021-12-05,52.80880355834961,232.3468780517578,190.05014038085938,0.46161919832229614,0.0,0.0,0.0,0.0,475.6674411892891,232346878.0517578,25.765028761492836,0.0,0.25,-0.9999999978976909
2021-12-06,56.77408218383789,240.20355224609375,186.085693359375,0.2013382762670517,0.0,0.0,0.0,0.0,483.2646660655737,240203552.24609375,26.66691266331408,0.0,0.25,-0.9999999979307405
2021-12-07,45.31103515625,213.1866455078125,155.03575134277344,0.019207671284675598,0.0,0.0,0.0,0.0,413.5526396781206,213186645.5078125,23.685270870725315,0.0,0.25,-0.9999999975819281
2021-12-08,47.19073486328125,219.03573608398438,84.08689880371094,0.0,0.0,0.0,0.0,0.0,350.31336975097656,219035736.08398438,24.337304009331596,0.0,0.375,-0.999999997145413
2021-12-09,17.04420280456543,81.26095581054688,162.44357299804688,0.0,0.0,0.0,0.0,0.0,260.7487316131592,162443572.99804688,18.049285888671875,0.0,0.25,-0.9999999961648903
2021-12-10,42.80035400390625,205.51724243164062,154.72520446777344,0.0,0.0,0.0,0.0,0.0,403.0428009033203,205517242.43164062,22.835249159071182,0.0,0.25,-0.9999999975188739
2021-12-11,39.73689651489258,192.94601440429688,133.4685821533203,0.0,0.0,0.0,0.0,0.0,366.15149307250977,192946014.40429688,21.438446044921875,0.0,0.25,-0.99999999726889
2021-12-12,8.729730606079102,42.038658142089844,46.94264602661133,0.0,0.0,0.0,0.0,0.0,97.71103477478027,46942646.02661133,5.21584955851237,0.0,0.25,-0.9999999897657416
2021-12-13,67.64241790771484,256.6285095214844,213.873779296875,0.0,0.0,0.0,0.0,0.0,538.1447067260742,256628509.52148438,28.514278835720486,0.0,0.375,-0.9999999981417638
2021-12-14,31.9056396484375,155.86392211914062,185.71286010742188,0.0,0.0,0.0,0.0,0.0,373.482421875,185712860.10742188,20.634762234157986,0.0,0.25,-0.9999999973224978
2021-12-15,31.163597106933594,152.24159240722656,71.284423828125,0.0,0.0,0.0,0.0,0.0,254.68961334228516,152241592.40722656,16.91573248969184,0.0,0.25,-0.9999999960736522
2021-12-16,4.175461769104004,20.303617477416992,17.56180191040039,0.0,0.0,0.0,0.0,0.0,42.04088115692139,20303617.477416992,2.255957497490777,0.0,0.25,-0.9999999762136296
2021-12-17,52.73249816894531,234.14157104492188,180.55523681640625,0.0,0.0,0.0,0.0,0.0,467.42930603027344,234141571.04492188,26.015730116102432,0.0,0.25,-0.9999999978606391
2021-12-18,53.1163444519043,235.14939880371094,207.8526611328125,0.0,0.0,0.0,0.0,0.0,496.11840438842773,235149398.80371094,26.127710978190105,0.0,0.25,-0.9999999979843521
2021-12-19,50.20737838745117,229.31210327148438,190.95993041992188,0.0,0.0,0.0,0.0,0.0,470.4794120788574,229312103.27148438,25.479122585720486,0.0,0.25,-0.9999999978745084
2021-12-20,59.56843185424805,245.94386291503906,210.90419006347656,0.0,0.0,0.0,0.0,0.0,516.4164848327637,245943862.91503906,27.327095879448784,0.0,0.25,-0.9999999980635785
2021-12-21,51.09793472290039,231.42330932617188,193.3990936279297,0.0,0.0,0.0,0.0,0.0,475.92033767700195,231423309.32617188,25.713701036241318,0.0,0.25,-0.999999997898808
2021-12-22,48.629188537597656,225.4871826171875,166.79129028320312,0.0,0.0,0.0,0.0,0.0,440.9076614379883,225487182.6171875,25.05413140190972,0.0,0.25,-0.9999999977319515
2021-12-23,56.77726745605469,241.9504852294922,212.49038696289062,0.0,0.0,0.0,0.0,0.0,511.2181396484375,241950485.2294922,26.883387247721355,0.0,0.25,-0.9999999980438878
2021-12-24,23.45491600036621,114.78864288330078,17.254592895507812,0.0,0.0,0.0,0.0,0.0,155.4981517791748,114788642.88330078,12.754293653700087,0.0,0.25,-0.9999999935690554
2021-12-25,11.588714599609375,56.514671325683594,67.36549377441406,0.0,0.0,0.0,0.0,0.0,135.46887969970703,67365493.77441406,7.485054863823785,0.0,0.25,-0.9999999926182309
2021-12-26,47.85163497924805,223.54071044921875,185.15420532226562,0.0,0.0,0.0,0.0,0.0,456.5465507507324,223540710.44921875,24.83785671657986,0.0,0.25,-0.9999999978096429
2021-12-27,62.36841583251953,249.9439239501953,214.1042022705078,0.0,0.0,0.0,0.0,0.0,526.4165420532227,249943923.9501953,27.771547105577255,0.0,0.25,-0.9999999981003637
2021-12-28,40.508419036865234,197.34039306640625,133.0047149658203,0.0,0.0,0.0,0.0,0.0,370.8535270690918,197340393.06640625,21.926710340711807,0.0,0.25,-0.9999999973035176
2021-12-29,45.875831604003906,217.458251953125,172.0833740234375,0.0,0.0,0.0,0.0,0.0,435.4174575805664,217458251.953125,24.162027994791668,0.0,0.25,-0.9999999977033535
2021-12-30,50.65876770019531,229.37039184570312,181.21693420410156,0.0,0.0,0.0,0.0,0.0,461.24609375,229370391.84570312,25.485599093967014,0.0,0.25,-0.9999999978319599
2021-12-31,40.264644622802734,195.013671875,105.63519287109375,0.0,0.0,0.0,0.0,0.0,340.9135093688965,195013671.875,21.66818576388889,0.0,0.25,-0.9999999970667047
2022-01-01,4.2445855140686035,20.236696243286133,41.29651641845703,0.0,0.0,0.0,0.0,0.0,65.77779817581177,41296516.41845703,4.588501824273004,0.0,0.25,-0.9999999847973022
2022-01-02,46.61824035644531,218.17337036132812,156.2030029296875,0.0,0.0,0.0,0.0,0.0,420.99461364746094,218173370.36132812,24.241485595703125,0.0,0.25,-0.9999999976246727
2022-01-03,43.310150146484375,205.6129913330078,197.7073974609375,0.001242052298039198,0.0,0.0,0.0,0.0,446.6317809927277,205612991.3330078,22.845749920078863,0.0,0.25,-0.9999999977610192
2022-01-04,44.45831298828125,208.73187255859375,76.2281723022461,0.03259938582777977,0.0,0.0,0.0,0.0,329.4509572349489,208731872.55859375,23.18880813030733,0.0,0.375,-0.9999999969646469
2022-01-05,4.4883012771606445,20.978422164916992,16.566402435302734,0.02641676738858223,0.0,0.0,0.0,0.0,42.05954264476895,20978422.164916992,2.328000599725379,0.0,0.25,-0.9999999762241834
2022-01-06,35.474552154541016,166.42250061035156,46.56309509277344,0.13145574927330017,0.0,0.0,0.0,0.0,248.59160360693932,166422500.61035156,18.47678276234203,0.0,0.375,-0.999999995977338
2022-01-07,65.70207214355469,254.2888641357422,92.45333862304688,0.3948209583759308,0.0,0.0,0.0,0.0,412.8390958607197,254288864.1357422,28.210449241929584,0.0,0.375,-0.9999999975777488
2022-01-08,26.848344802856445,123.79151153564453,78.48108673095703,0.44442224502563477,0.0,0.0,0.0,0.0,229.56536531448364,123791511.53564453,13.7052321434021,0.0,0.25,-0.9999999956439423
2022-01-09,18.799463272094727,85.98434448242188,19.933040618896484,0.13963881134986877,0.0,0.0,0.0,0.0,124.85648718476295,85984344.48242188,9.538300630119112,0.0,0.375,-0.9999999919908047
2022-01-10,6.743014335632324,30.59694480895996,38.591468811035156,0.32894808053970337,0.0,0.0,0.0,0.0,76.26037603616714,38591468.811035156,4.251391192277272,0.0,0.25,-0.9999999868870305
2022-01-11,58.952919006347656,242.96690368652344,209.17015075683594,2.466848134994507,0.0,0.0,0.0,0.0,513.5568215847015,242966903.68652344,26.722228394614326,0.0,0.25,-0.9999999980527958
2022-01-12,56.58427810668945,238.15386962890625,220.34933471679688,3.252361297607422,0.0,0.0,0.0,0.0,518.33984375,238153869.62890625,26.100167592366535,0.0,0.25,-0.9999999980707638
2022-01-13,45.789344787597656,204.40354919433594,177.70191955566406,2.4409701824188232,0.0,0.0,0.0,0.0,430.3357837200165,204403549.19433594,22.44028655687968,0.0,0.25,-0.9999999976762333
2022-01-14,78.60415649414062,271.26202392578125,72.94831085205078,1.1107078790664673,0.0,0.0,0.0,0.0,423.9251991510391,271262023.92578125,30.016812894079422,0.0,0.375,-0.9999999976410933
2022-01-15,36.98975372314453,163.07102966308594,199.13719177246094,3.630706310272217,0.0,0.0,0.0,0.0,402.8286814689636,199137191.77246094,21.72294282913208,0.0,0.25,-0.9999999975175551
2022-01-16,52.9444465637207,226.59474182128906,150.31991577148438,2.8927693367004395,0.0,0.0,0.0,0.0,432.7518734931946,226594741.82128906,24.855774720509846,0.0,0.25,-0.999999997689207
2022-01-17,14.967426300048828,64.62212371826172,76.5644302368164,1.5955876111984253,0.0,0.0,0.0,0.0,157.74956786632538,76564430.2368164,8.329871402846443,0.0,0.25,-0.9999999936608385
2022-01-18,51.41930389404297,218.69772338867188,190.81143188476562,4.432535171508789,0.0,0.0,0.0,0.0,465.36099433898926,218697723.38867188,23.80724313524034,0.0,0.25,-0.9999999978511306
2022-01-19,48.09913635253906,205.9012451171875,179.84336853027344,4.49423360824585,0.0,0.0,0.0,0.0,438.33798360824585,205901245.1171875,22.37855683432685,0.0,0.25,-0.9999999977186554
2022-01-20,30.80583381652832,130.23486328125,100.51517486572266,2.7083141803741455,0.0,0.0,0.0,0.0,264.2641861438751,130234863.28125,14.169616566763985,0.0,0.25,-0.999999996215908
2022-01-21,18.693965911865234,78.20499420166016,27.707443237304688,0.7898948788642883,0.0,0.0,0.0,0.0,125.39629822969437,78204994.20166016,8.601677702532875,0.0,0.375,-0.999999992025283
2022-01-22,21.207937240600586,88.02757263183594,24.322114944458008,0.7426080703735352,0.0,0.0,0.0,0.0,134.30023288726807,88027572.63183594,9.698329395718044,0.0,0.375,-0.9999999925539966
2022-01-23,10.343162536621094,42.517601013183594,18.437864303588867,0.6072470545768738,0.0,0.0,0.0,0.0,71.90587490797043,42517601.013183594,4.656705995400746,0.0,0.375,-0.9999999860929307
2022-01-24,28.499418258666992,116.56224822998047,71.17220306396484,2.516770839691162,0.0,0.0,0.0,0.0,218.75064039230347,116562248.22998047,12.671719710032145,0.0,0.375,-0.9999999954285849
2022-01-25,19.795574188232422,80.21265411376953,31.33146095275879,1.1673020124435425,0.0,0.0,0.0,0.0,132.50699126720428,80212654.11376953,8.782816900147331,0.0,0.375,-0.9999999924532285
2022-01-26,5.89694881439209,23.658916473388672,18.917760848999023,0.7417846918106079,0.0,0.0,0.0,0.0,49.21541082859039,23658916.473388672,2.546347975730896,0.0,0.25,-0.9999999796811616
2022-01-27,16.52968978881836,65.90728759765625,18.8720760345459,0.7805290818214417,0.0,0.0,0.0,0.0,102.08958250284195,65907287.59765625,7.236306501759423,0.0,0.375,-0.9999999902046813
2022-01-28,37.11140823364258,147.2325439453125,37.41860580444336,1.6328519582748413,0.0,0.0,0.0,0.0,223.39540994167328,147232543.9453125,16.177743554115295,0.0,0.375,-0.9999999955236323
2022-01-29,26.891525268554688,105.67436218261719,52.150291442871094,2.393397092819214,0.0,0.0,0.0,0.0,187.10957598686218,105674362.18261719,11.475662787755331,0.0,0.375,-0.9999999946555381
2022-01-30,55.3999137878418,215.97341918945312,130.0783233642578,6.309241771697998,0.0,0.0,0.0,0.0,407.76089811325073,215973419.18945312,23.296019713083904,0.0,0.375,-0.9999999975475824
2022-01-31,67.72146606445312,251.68356323242188,138.03353881835938,7.023015975952148,0.0,0.0,0.0,0.0,464.4615840911865,251683563.23242188,27.184505250718857,0.0,0.375,-0.9999999978469695
2022-02-01,48.420345306396484,186.6574249267578,110.15796661376953,5.828575134277344,0.0,0.0,0.0,0.0,351.0643119812012,186657424.9267578,20.09209442138672,0.0,0.375,-0.9999999971515191
2022-02-02,6.507829666137695,24.71356773376465,89.06092071533203,4.891739368438721,0.0,0.0,0.0,0.0,125.1740574836731,89060920.71533203,9.352131260765923,0.0,0.25,-0.9999999920111243
2022-02-03,18.247711181640625,68.85052490234375,37.223052978515625,2.0975427627563477,0.0,0.0,0.0,0.0,126.41883182525635,68850524.90234375,7.416998015509711,0.0,0.375,-0.9999999920897862
2022-02-04,61.27827835083008,228.13839721679688,111.69041442871094,6.643436431884766,0.0,0.0,0.0,0.0,407.75052642822266,228138397.21679688,24.610551198323567,0.0,0.375,-0.99999999754752
2022-02-05,69.2520980834961,250.90882873535156,194.31285095214844,11.990893363952637,0.0,0.0,0.0,0.0,526.4646711349487,250908828.73535156,26.54643726348877,0.0,0.375,-0.9999999981005373
2022-02-06,54.472904205322266,202.04299926757812,99.66563415527344,6.346059322357178,0.0,0.0,0.0,0.0,362.527596950531,202042999.26757812,21.744104438357883,0.0,0.375,-0.9999999972415893
2022-02-07,17.011661529541016,62.250335693359375,21.112592697143555,1.3737552165985107,0.0,0.0,0.0,0.0,101.74834513664246,62250335.693359375,6.764064497417873,0.0,0.375,-0.9999999901718305
2022-02-08,30.33273696899414,110.39791107177734,111.05624389648438,7.57819938659668,0.0,0.0,0.0,0.0,259.36509132385254,111056243.89648438,11.497560501098633,0.0,0.25,-0.999999996144431
2022-02-09,36.367801666259766,131.46470642089844,42.225433349609375,2.9482192993164062,0.0,0.0,0.0,0.0,213.00616073608398,131464706.42089844,14.279609680175781,0.0,0.375,-0.9999999953053001
2022-02-10,39.892494201660156,143.25634765625,57.289146423339844,4.13718843460083,0.0,0.0,0.0,0.0,244.57517671585083,143256347.65625,15.45768435796102,0.0,0.375,-0.9999999959112776
2022-02-11,7.654487609863281,27.181900024414062,26.790542602539062,1.9863743782043457,0.0,0.0,0.0,0.0,63.61330461502075,27181900.024414062,2.7995028495788574,0.0,0.25,-0.9999999842800184
2022-02-12,17.52690315246582,61.867061614990234,38.308292388916016,2.930663585662842,0.0,0.0,0.0,0.0,120.63292074203491,61867061.614990234,6.548488669925266,0.0,0.375,-0.999999991710389
2022-02-13,7.712300777435303,27.020545959472656,38.111297607421875,2.998668670654297,0.0,0.0,0.0,0.0,75.84281301498413,38111297.607421875,3.9014032151963978,0.0,0.25,-0.9999999868148353
2022-02-14,81.35795593261719,271.2098083496094,99.01731872558594,8.032735824584961,0.0,0.0,0.0,0.0,459.61781883239746,271209808.3496094,29.241896947224934,0.0,0.375,-0.9999999978242793
2022-02-15,7.949399471282959,27.482755661010742,22.392648696899414,1.8518489599227905,0.0,0.0,0.0,0.0,59.676652789115906,27482755.661010742,2.847878522343106,0.0,0.375,-0.9999999832430283
2022-02-16,54.107025146484375,186.8655242919922,125.7994155883789,10.768644332885742,0.0,0.0,0.0,0.0,377.5406093597412,186865524.2919922,19.566319995456272,0.0,0.375,-0.9999999973512783
2022-02-17,21.291685104370117,72.70797729492188,32.559139251708984,2.830064535140991,0.0,0.0,0.0,0.0,129.38886618614197,72707977.29492188,7.764212528864543,0.0,0.375,-0.9999999922713598
2022-02-18,8.41600227355957,28.529319763183594,34.94002151489258,3.123631000518799,0.0,0.0,0.0,0.0,75.00897455215454,34940021.51489258,3.5351545015970864,0.0,0.25,-0.9999999866682622
2022-02-19,60.679622650146484,205.04078674316406,23.147672653198242,2.1167151927948,0.0,0.0,0.0,0.0,290.9847972393036,205040786.74316406,22.54711906115214,0.0,0.25,-0.9999999965633943
2022-02-20,119.06656646728516,324.55462646484375,258.0965270996094,26.184072494506836,0.0,0.0,0.0,0.0,727.9017925262451,324554626.46484375,33.15228377448188,0.0,0.375,-0.9999999986261883
2022-02-21,97.7042236328125,298.310791015625,141.70651245117188,13.611955642700195,0.0,0.0,0.0,0.0,551.3334827423096,298310791.015625,31.633203930324978,0.0,0.375,-0.9999999981862158
2022-02-22,33.34679412841797,110.65481567382812,63.771427154541016,6.238337993621826,0.0,0.0,0.0,0.0,214.01137495040894,110654815.67382812,11.601830853356255,0.0,0.375,-0.9999999953273512
2022-02-23,97.96534729003906,298.3038635253906,230.6586456298828,23.08026123046875,0.0,0.0,0.0,0.0,650.0081176757812,298303863.5253906,30.580400254991318,0.0,0.375,-0.9999999984615576
2022-02-24,138.05909729003906,345.6571350097656,277.2167663574219,31.890928268432617,0.0,0.0,0.0,0.0,792.8239269256592,345657135.0097656,34.86291186014811,0.0,0.375,-0.999999998738686
2022-02-25,119.44757080078125,327.6502685546875,299.8046875,41.63268280029297,0.0,0.0,0.0,0.0,788.5352096557617,327650268.5546875,31.77973175048828,0.0,0.375,-0.9999999987318258
2022-02-26,122.06570434570312,330.7839050292969,266.22552490234375,29.425392150878906,0.0,0.0,0.0,0.0,748.5005264282227,330783905.0292969,33.484279208713104,0.0,0.375,-0.9999999986639956
2022-02-27,104.93757629394531,309.8927307128906,291.69036865234375,37.54673385620117,0.0,0.0,0.0,0.0,744.0674095153809,309892730.7128906,30.26066631740994,0.0,0.375,-0.9999999986560357
2022-02-28,102.66080474853516,307.80084228515625,210.44786071777344,23.117530822753906,0.0,0.0,0.0,0.0,644.0270385742188,307800842.28515625,31.631479051378037,0.0,0.375,-0.9999999984472702
2022-03-01,85.3872299194336,269.1715087890625,219.59056091308594,24.464893341064453,0.0,0.0,0.0,0.0,598.6141929626465,269171508.7890625,27.18962393866645,0.0,0.375,-0.999999998329475
2022-03-02,104.26283264160156,307.4405822753906,257.8048400878906,29.665008544921875,0.0,0.0,0.0,0.0,699.1732635498047,307440582.2753906,30.86395263671875,0.0,0.375,-0.9999999985697393
2022-03-03,114.87384033203125,324.17095947265625,274.1755676269531,32.7457160949707,0.0,0.0,0.0,0.0,745.9660835266113,324170959.47265625,32.380582597520615,0.0,0.375,-0.9999999986594564
2022-03-04,125.03241729736328,336.8387145996094,301.972412109375,42.240745544433594,0.0,0.0,0.0,0.0,806.0842895507812,336838714.5996094,32.73310767279731,0.0,0.375,-0.9999999987594349
2022-03-05,142.0880889892578,354.8480529785156,297.2181091308594,40.36745071411133,0.0,0.0,0.0,0.0,834.5217018127441,354848052.9785156,34.942289140489365,0.0,0.375,-0.9999999988017089
2022-03-06,113.69395446777344,321.82379150390625,173.66494750976562,20.960250854492188,0.0,0.0,0.0,0.0,630.1429443359375,321823791.50390625,33.42928229437934,0.0,0.375,-0.9999999984130585
2022-03-07,113.82616424560547,320.828369140625,277.78363037109375,35.05527877807617,0.0,0.0,0.0,0.0,747.4934425354004,320828369.140625,31.75256559583876,0.0,0.375,-0.9999999986621956
2022-03-08,162.97042846679688,375.1669921875,327.7228698730469,58.44334030151367,0.0,0.0,0.0,0.0,924.3036308288574,375166992.1875,35.1915168762207,0.0,0.375,-0.9999999989181044
2022-03-09,131.36375427246094,344.3322448730469,307.94140625,45.02218246459961,0.0,0.0,0.0,0.0,828.6595878601074,344332244.8730469,33.25667360093858,0.0,0.375,-0.9999999987932319
2022-03-10,64.33194732666016,190.7351837158203,278.455810546875,36.92911148071289,0.0,0.0,0.0,0.0,570.4520530700684,278455810.546875,26.836299896240234,0.0,0.25,-0.9999999982470043
2022-03-11,130.96763610839844,344.0141906738281,319.7838134765625,51.77873992919922,0.0,0.0,0.0,0.0,846.5443801879883,344014190.6738281,32.4706056382921,0.0,0.375,-0.999999998818727
2022-03-12,170.545166015625,382.6103820800781,317.2602844238281,49.901023864746094,0.0,0.0,0.0,0.0,920.3168563842773,382610382.0800781,36.967706468370224,0.0,0.375,-0.9999999989134177
2022-03-13,105.14226531982422,299.2925720214844,281.34857177734375,39.65996170043945,0.0,0.0,0.0,0.0,725.4433708190918,299292572.0214844,28.848067813449436,0.0,0.375,-0.9999999986215327
2022-03-14,124.00733947753906,334.232666015625,198.1334228515625,27.96946144104004,0.0,0.0,0.0,0.0,684.3428897857666,334232666.015625,34.02924495273166,0.0,0.375,-0.9999999985387442
2022-03-15,138.8555145263672,352.7306823730469,323.0558166503906,55.307159423828125,0.0,0.0,0.0,0.0,869.9491729736328,352730682.3730469,33.04705810546875,0.0,0.375,-0.9999999988505076
2022-03-16,123.92510986328125,334.13677978515625,210.07032775878906,31.01012420654297,0.0,0.0,0.0,0.0,699.1423416137695,334136779.78515625,33.68073950873481,0.0,0.375,-0.9999999985696761
2022-03-17,13.430367469787598,37.783538818359375,32.60268783569336,4.942069053649902,0.0,0.0,0.0,0.0,88.75866317749023,37783538.818359375,3.6490521960788302,0.0,0.375,-0.9999999887334943
2022-03-18,22.491132736206055,62.95515441894531,59.09497833251953,9.126808166503906,0.0,0.0,0.0,0.0,153.6680736541748,62955154.41894531,5.980927361382379,0.0,0.375,-0.9999999934924675
2022-03-19,24.71338653564453,68.72957611083984,108.83504486083984,17.10330581665039,0.0,0.0,0.0,0.0,219.3813133239746,108835044.86083984,10.192415449354383,0.0,0.25,-0.9999999954417267
2022-03-20,50.887569427490234,140.93284606933594,32.671634674072266,5.245549201965332,0.0,0.0,0.0,0.0,229.73759937286377,140932846.06933594,15.076366318596733,0.0,0.375,-0.999999995647208
2022-03-21,14.028985023498535,38.54144287109375,32.314945220947266,5.281586647033691,0.0,0.0,0.0,0.0,90.16695976257324,38541442.87109375,3.6955395804511175,0.0,0.375,-0.9999999889094632
2022-03-22,16.578683853149414,45.30990219116211,91.73623657226562,15.215506553649902,0.0,0.0,0.0,0.0,168.84032917022705,91736236.57226562,8.502303335401747,0.0,0.25,-0.9999999940772445
2022-03-23,144.1669921875,356.40478515625,306.5156555175781,54.48476791381836,0.0,0.0,0.0,0.0,861.5722007751465,356404785.15625,33.5466685824924,0.0,0.375,-0.9999999988393312
2022-03-24,147.2101287841797,361.5596618652344,314.6708984375,57.55907440185547,0.0,0.0,0.0,0.0,880.9997634887695,361559661.8652344,33.77784305148654,0.0,0.375,-0.999999998864926
2022-03-25,42.84218215942383,115.38531494140625,33.0864372253418,5.774599075317383,0.0,0.0,0.0,0.0,197.08853340148926,115385314.94140625,12.17896842956543,0.0,0.375,-0.9999999949261381
2022-03-26,71.68563079833984,192.67318725585938,162.05894470214844,28.552202224731445,0.0,0.0,0.0,0.0,454.9699649810791,192673187.25585938,18.23566500345866,0.0,0.375,-0.9999999978020527
2022-03-27,118.21092224121094,311.4293212890625,115.18951416015625,20.629281997680664,0.0,0.0,0.0,0.0,565.4590396881104,311429321.2890625,32.311115476820206,0.0,0.375,-0.9999999982315253
2022-03-28,66.34090423583984,176.5691680908203,178.3587646484375,32.32555389404297,0.0,0.0,0.0,0.0,453.5943908691406,178358764.6484375,16.22591230604384,0.0,0.375,-0.9999999977953872
2022-03-29,163.76885986328125,380.4326477050781,301.0923156738281,56.665985107421875,0.0,0.0,0.0,0.0,901.9598083496094,380432647.7050781,35.97407362196181,0.0,0.375,-0.9999999988913032
2022-03-30,115.98551177978516,300.0008239746094,303.6006164550781,57.84576416015625,0.0,0.0,0.0,0.0,777.4327163696289,303600616.4550781,27.306094699435764,0.0,0.375,-0.999999998713715
2022-03-31,19.09236717224121,49.95310592651367,95.76494598388672,18.140905380249023,0.0,0.0,0.0,0.0,182.95132446289062,95764945.98388672,8.624893400404188,0.0,0.25,-0.9999999945340653
2022-04-01,61.574337005615234,160.9586639404297,135.61354064941406,25.95911407470703,0.0,0.0,0.0,0.0,384.105655670166,160958663.9404297,14.999949985080296,0.0,0.375,-0.9999999973965497
2022-04-02,175.12295532226562,392.05322265625,343.11273193359375,75.96809387207031,0.0,0.0,0.0,0.0,986.2570037841797,392053222.65625,35.12056986490885,0.0,0.375,-0.9999999989860655
2022-04-03,167.51829528808594,383.8345642089844,334.3037414550781,72.01625061035156,0.0,0.0,0.0,0.0,957.6728515625,383834564.2089844,34.64647928873698,0.0,0.375,-0.999999998955802
2022-04-04,178.01197814941406,395.6087341308594,346.25396728515625,78.39883422851562,0.0,0.0,0.0,0.0,998.2735137939453,395608734.1308594,35.24554443359375,0.0,0.375,-0.9999999989982705
2022-04-05,40.740779876708984,104.31358337402344,88.07605743408203,17.755586624145508,0.0,0.0,0.0,0.0,250.88600730895996,104313583.37402344,9.617555194430881,0.0,0.375,-0.999999996014126
2022-04-06,198.58050537109375,414.3141784667969,365.9379577636719,93.4319839477539,0.0,0.0,0.0,0.0,1072.2646255493164,414314178.4667969,35.653577168782554,0.0,0.375,-0.9999999990673943
2022-04-07,179.4574737548828,396.497314453125,347.37078857421875,80.33807373046875,0.0,0.0,0.0,0.0,1003.6636505126953,396497314.453125,35.128804524739586,0.0,0.375,-0.9999999990036503
2022-04-08,201.60276794433594,416.90802001953125,368.757568359375,95.98741149902344,0.0,0.0,0.0,0.0,1083.2557678222656,416908020.01953125,35.657845391167534,0.0,0.375,-0.9999999990768569
2022-04-09,221.66653442382812,433.712158203125,386.5302429199219,112.73397064208984,0.0,0.0,0.0,0.0,1154.6429061889648,433712158.203125,35.66424306233724,0.0,0.375,-0.9999999991339312
2022-04-10,103.84127044677734,260.0278625488281,220.73544311523438,46.790775299072266,0.0,0.0,0.0,0.0,631.3953514099121,260027862.54882812,23.693009694417317,0.0,0.375,-0.9999999984162062
2022-04-11,225.3719482421875,436.663330078125,389.72271728515625,116.14103698730469,0.0,0.0,0.0,0.0,1167.8990325927734,436663330.078125,35.613588121202255,0.0,0.375,-0.9999999991437615
2022-04-12,185.51382446289062,403.8625793457031,354.7139892578125,85.67201232910156,0.0,0.0,0.0,0.0,1029.7624053955078,403862579.3457031,35.35450744628906,0.0,0.375,-0.9999999990289021
2022-04-13,18.140178680419922,44.70833206176758,38.02691650390625,8.344956398010254,0.0,0.0,0.0,0.0,109.220383644104,44708332.06176758,4.0403750737508135,0.0,0.375,-0.9999999908442
2022-04-14,48.544612884521484,119.25000762939453,101.4695816040039,22.430204391479492,0.0,0.0,0.0,0.0,291.6944065093994,119250007.62939453,10.757755915323893,0.0,0.375,-0.9999999965717546
2022-04-15,124.21723175048828,302.879150390625,258.640380859375,57.506404876708984,0.0,0.0,0.0,0.0,743.2431678771973,302879150.390625,27.263638390435112,0.0,0.375,-0.9999999986545454
2022-04-16,168.08900451660156,382.2381896972656,332.91827392578125,77.89148712158203,0.0,0.0,0.0,0.0,961.1369552612305,382238189.6972656,33.816300286187065,0.0,0.375,-0.9999999989595656
2022-04-17,192.0298309326172,408.4725036621094,301.2513732910156,68.94596099853516,0.0,0.0,0.0,0.0,970.6996688842773,408472503.6621094,37.725171407063804,0.0,0.375,-0.9999999989698153
2022-04-18,177.65744018554688,393.61334228515625,328.53253173828125,77.48829650878906,0.0,0.0,0.0,0.0,977.2916107177734,393613342.28515625,35.12500508626302,0.0,0.375,-0.999999998976764
2022-04-19,180.95248413085938,396.3879089355469,333.5472412109375,79.86036682128906,0.0,0.0,0.0,0.0,990.7480010986328,396387908.9355469,35.1697269015842,0.0,0.375,-0.9999999989906616
2022-04-20,145.62689208984375,340.61761474609375,333.7389221191406,80.24130249023438,0.0,0.0,0.0,0.0,900.2247314453125,340617614.74609375,28.930701361762154,0.0,0.375,-0.9999999988891662
2022-04-21,199.4423065185547,414.1517639160156,385.10308837890625,112.29568481445312,0.0,0.0,0.0,0.0,1110.9928436279297,414151763.9160156,33.53956434461806,0.0,0.375,-0.9999999990999041
2022-04-22,152.2174835205078,353.03399658203125,198.66542053222656,46.75126647949219,0.0,0.0,0.0,0.0,750.6681671142578,353033996.58203125,34.03141445583768,0.0,0.375,-0.9999999986678535
2022-04-23,97.04922485351562,270.5302429199219,175.38558959960938,41.56681442260742,0.0,0.0,0.0,0.0,584.5318717956543,270530242.9199219,25.44038094414605,0.0,0.375,-0.9999999982892293
2022-04-24,82.23282623291016,194.18052673339844,375.132568359375,103.3558120727539,0.0,0.0,0.0,0.0,754.9017333984375,375132568.359375,32.54441579182943,0.0,0.375,-0.9999999986753243
2022-04-25,21.226200103759766,49.80571365356445,73.69593811035156,17.769201278686523,0.0,0.0,0.0,0.0,162.4970531463623,73695938.11035156,6.214081870185004,0.0,0.375,-0.9999999938460423
2022-04-26,55.57675552368164,130.1548309326172,197.98699951171875,47.894351959228516,0.0,0.0,0.0,0.0,431.6129379272461,197986999.51171875,16.67696083916558,0.0,0.375,-0.9999999976831093
2022-04-27,127.78243255615234,292.7541198730469,234.6811065673828,57.140098571777344,0.0,0.0,0.0,0.0,712.3577575683594,292754119.8730469,26.17933570014106,0.0,0.375,-0.999999998596211
2022-04-28,118.7332534790039,275.897705078125,140.80535888671875,34.54487228393555,0.0,0.0,0.0,0.0,569.9811897277832,275897705.078125,26.816981421576607,0.0,0.375,-0.9999999982455562
2022-04-29,38.13410949707031,88.4298095703125,87.83739471435547,21.700468063354492,0.0,0.0,0.0,0.0,236.10178184509277,88429809.5703125,7.41437127855089,0.0,0.375,-0.9999999957645386
2022-04-30,95.97883605957031,222.42259216308594,148.18690490722656,36.796234130859375,0.0,0.0,0.0,0.0,503.3845672607422,222422592.16308594,20.62515089246962,0.0,0.375,-0.9999999980134473
2022-05-01,162.20008850097656,364.23828125,159.84893798828125,39.955650329589844,0.0,0.0,0.0,0.0,726.2429580688477,364238281.25,36.03140343560113,0.0,0.375,-0.9999999986230503
2022-05-02,169.98741149902344,376.12835693359375,391.3383483886719,122.04446411132812,0.0,0.0,0.0,0.0,1059.4985809326172,391338348.3886719,29.92154269748264,0.0,0.375,-0.9999999990561572
2022-05-03,216.26315307617188,429.1703796386719,405.0420227050781,134.312744140625,0.0,0.0,0.0,0.0,1184.7882995605469,429170379.6386719,32.76195949978299,0.0,0.375,-0.9999999991559673
2022-05-04,243.66775512695312,453.59991455078125,414.23211669921875,145.23941040039062,0.0,0.0,0.0,0.0,1256.7391967773438,453599914.55078125,34.26227823893229,0.0,0.375,-0.9999999992042898
2022-05-05,213.36761474609375,426.0521545410156,401.24017333984375,131.10897827148438,0.0,0.0,0.0,0.0,1171.7689208984375,426052154.5410156,32.771464029947914,0.0,0.375,-0.9999999991465893
2022-05-06,229.13087463378906,441.307373046875,409.9857482910156,140.22634887695312,0.0,0.0,0.0,0.0,1220.6503448486328,441307373.046875,33.45344712999132,0.0,0.375,-0.9999999991807645
2022-05-07,204.92051696777344,420.336669921875,310.95654296875,82.42864990234375,0.0,0.0,0.0,0.0,1018.6423797607422,420336669.921875,37.54533555772569,0.0,0.375,-0.9999999990183012
2022-05-08,194.2571258544922,408.4742431640625,362.91668701171875,101.50724029541016,0.0,0.0,0.0,0.0,1067.1552963256836,408474243.1640625,34.107444763183594,0.0,0.375,-0.9999999990629291
2022-05-09,189.21990966796875,419.71337890625,349.6145935058594,95.9612808227539,0.0,0.0,0.0,0.0,1054.509162902832,419713378.90625,35.97245534261068,0.0,0.375,-0.9999999990516913
2022-05-10,25.06353759765625,56.23789596557617,41.554473876953125,11.109914779663086,0.0,0.0,0.0,0.0,133.96582221984863,56237895.96557617,5.014220131768121,0.0,0.375,-0.9999999925354096
2022-05-11,61.402652740478516,137.54132080078125,43.02812576293945,11.571269989013672,0.0,0.0,0.0,0.0,253.5433692932129,137541320.80078125,13.99667231241862,0.0,0.375,-0.9999999960559016
2022-05-12,61.5032958984375,137.33689880371094,51.223140716552734,13.855712890625,0.0,0.0,0.0,0.0,263.9190483093262,137336898.80371094,13.720131768120659,0.0,0.375,-0.9999999962109594
2022-05-13,22.6041316986084,50.2747802734375,41.85843276977539,11.38329029083252,0.0,0.0,0.0,0.0,126.12063503265381,50274780.2734375,4.321276664733887,0.0,0.375,-0.9999999920710835
2022-05-14,230.12637329101562,441.4530944824219,338.8587341308594,98.17015838623047,0.0,0.0,0.0,0.0,1108.6083602905273,441453094.4824219,38.14254845513238,0.0,0.375,-0.9999999990979681
2022-05-15,175.58392333984375,376.6054992675781,279.86212158203125,76.71026611328125,0.0,0.0,0.0,0.0,908.7618103027344,376605499.2675781,33.321692572699654,0.0,0.375,-0.9999999988996017
2022-05-16,226.09872436523438,435.9983825683594,371.11688232421875,110.32991790771484,0.0,0.0,0.0,0.0,1143.5439071655273,435998382.5683594,36.18538496229384,0.0,0.375,-0.9999999991255254
2022-05-17,241.9430694580078,449.5347900390625,393.4877624511719,128.77218627929688,0.0,0.0,0.0,0.0,1213.737808227539,449534790.0390625,35.640289306640625,0.0,0.375,-0.9999999991760987
2022-05-18,183.5775146484375,387.71112060546875,255.2224884033203,70.98485565185547,0.0,0.0,0.0,0.0,897.495979309082,387711120.60546875,35.191807217068146,0.0,0.375,-0.9999999988857888
2022-05-19,59.582733154296875,130.62811279296875,59.90128707885742,16.809532165527344,0.0,0.0,0.0,0.0,266.9216651916504,130628112.79296875,12.646508958604601,0.0,0.375,-0.9999999962535825
2022-05-20,63.8697509765625,139.72271728515625,114.82238006591797,32.351932525634766,0.0,0.0,0.0,0.0,350.7667808532715,139722717.28515625,11.930087195502388,0.0,0.375,-0.9999999971491029
2022-05-21,220.8172607421875,430.5595703125,394.6541442871094,129.09242248535156,0.0,0.0,0.0,0.0,1175.1233978271484,430559570.3125,33.49634975857205,0.0,0.375,-0.9999999991490255
2022-05-22,226.7235565185547,436.5238952636719,357.0442199707031,107.91791534423828,0.0,0.0,0.0,0.0,1128.209587097168,436523895.2636719,36.51177554660373,0.0,0.375,-0.9999999991136398
2022-05-23,133.05789184570312,288.86798095703125,180.68841552734375,51.504634857177734,0.0,0.0,0.0,0.0,654.1189231872559,288867980.95703125,26.373705122205948,0.0,0.375,-0.999999998471226
2022-05-24,30.86759376525879,66.89848327636719,212.70758056640625,60.8441162109375,0.0,0.0,0.0,0.0,371.3177738189697,212707580.56640625,20.204442977905273,0.0,0.375,-0.9999999973068889
2022-05-25,214.6633758544922,424.6758728027344,379.52471923828125,118.76551818847656,0.0,0.0,0.0,0.0,1137.6294860839844,424675872.8027344,33.9900394015842,0.0,0.375,-0.999999999120979
2022-05-26,134.37698364257812,290.0300598144531,256.379150390625,74.00508880615234,0.0,0.0,0.0,0.0,754.7912826538086,290030059.8144531,24.002774556477863,0.0,0.375,-0.9999999986751305
2022-05-27,200.1869659423828,407.330322265625,383.3329772949219,121.21023559570312,0.0,0.0,0.0,0.0,1112.0605010986328,407330322.265625,31.791120741102432,0.0,0.375,-0.9999999991007682
2022-05-28,107.19470977783203,231.2643280029297,180.5718536376953,52.50531005859375,0.0,0.0,0.0,0.0,571.5362014770508,231264328.0029297,19.862113104926216,0.0,0.375,-0.9999999982503296
2022-05-29,110.6574478149414,238.38296508789062,85.45382690429688,24.978940963745117,0.0,0.0,0.0,0.0,459.473180770874,238382965.08789062,23.711558236016167,0.0,0.375,-0.9999999978235944
2022-05-30,115.8988265991211,249.32908630371094,115.48749542236328,33.83717727661133,0.0,0.0,0.0,0.0,514.5525856018066,249329086.30371094,23.943545447455513,0.0,0.375,-0.999999998056564
2022-05-31,210.23727416992188,417.8114929199219,365.90167236328125,113.7417221069336,0.0,0.0,0.0,0.0,1107.6921615600586,417811492.9199219,33.78553009033203,0.0,0.375,-0.999999999097222
2022-06-01,157.69268798828125,334.5933532714844,43.1385383605957,12.736247062683105,0.0,0.0,0.0,0.0,548.1608266830444,334593353.2714844,35.761900689866806,0.0,0.25,-0.9999999981757178
2022-06-02,219.18670654296875,426.4703674316406,370.9065856933594,116.19953918457031,0.0,0.0,0.0,0.0,1132.763198852539,426470367.4316406,34.4745364718967,0.0,0.375,-0.9999999991172028
2022-06-03,59.170249938964844,126.32318115234375,183.23243713378906,54.1978645324707,0.0,0.0,0.0,0.0,422.92373275756836,183232437.13378906,14.337174733479818,0.0,0.5,-0.9999999976355075
2022-06-04,33.947452545166016,72.32678985595703,295.8215637207031,89.11880493164062,0.0,0.0,0.0,0.0,491.2146110534668,295821563.7207031,29.097123463948567,0.0,0.375,-0.9999999979642299
2022-06-05,36.47426223754883,77.65049743652344,80.4246826171875,23.970661163330078,0.0,0.0,0.0,0.0,218.52010345458984,80424682.6171875,6.272669050428602,0.0,0.375,-0.9999999954237621
2022-06-06,227.22352600097656,435.0991516113281,395.5418701171875,133.80740356445312,0.0,0.0,0.0,0.0,1191.6719512939453,435099151.6113281,33.47686089409722,0.0,0.375,-0.9999999991608428
2022-06-07,195.15159606933594,397.0981140136719,308.5218505859375,92.63693237304688,0.0,0.0,0.0,0.0045418404042720795,993.4130348823965,397098114.0136719,33.829020182291664,0.0005046489338080088,0.375,-0.9999908550819444
2022-06-08,238.17608642578125,443.84893798828125,369.52630615234375,116.68109893798828,0.0,0.0,0.0,0.1081802099943161,1168.3406097143888,443848937.98828125,36.35198211669922,0.01202002333270179,0.375,-0.9998148130622144
2022-06-09,184.64907836914062,379.2221374511719,317.7941589355469,96.18341827392578,0.0,0.0,0.0,0.22037428617477417,978.0691673159599,379222137.4511719,31.448746575249565,0.02448603179719713,0.375,-0.9995493676862257
2022-06-10,203.65818786621094,407.80712890625,361.882568359375,115.60720825195312,0.0,0.0,0.0,0.41760551929473877,1089.3726989030838,407807128.90625,32.46665785047743,0.046400613254970975,0.375,-0.9992333091891655
2022-06-11,228.78993225097656,435.7216491699219,402.6676330566406,140.20240783691406,0.0,0.0,0.0,0.658098578453064,1208.0397208929062,435721649.1699219,32.83547125922309,0.07312206427256267,0.375,-0.9989104678157074
2022-06-12,52.49172592163086,111.14075469970703,75.55480194091797,22.803415298461914,0.0,0.0,0.0,0.12653253972530365,262.1172304004431,111140754.69970703,9.81525993347168,0.014059171080589294,0.375,-0.9990345309306888
2022-06-13,79.7801284790039,169.0046844482422,158.10549926757812,47.66551208496094,0.0,0.0,0.0,0.3131873905658722,454.86901167035103,169004684.4482422,13.482130262586805,0.03479859895176358,0.375,-0.9986229535015926
2022-06-14,241.30157470703125,446.2674865722656,408.84765625,146.2749481201172,0.0,0.0,0.0,1.1028556823730469,1243.794521331787,446267486.5722656,33.33250427246094,0.12253952026367188,0.375,-0.9982266264040052
2022-06-15,242.2612762451172,447.1148681640625,410.33245849609375,148.6471710205078,0.0,0.0,0.0,1.2489359378814697,1249.6047098636627,447114868.1640625,33.163077460394966,0.13877065976460776,0.375,-0.9980010695750046
2022-06-16,205.56222534179688,410.1717834472656,407.68768310546875,145.2563934326172,0.0,0.0,0.0,1.2865980863571167,1169.9646834135056,410171783.4472656,29.435043334960938,0.1429553429285685,0.375,-0.9978006197904988
2022-06-17,243.07867431640625,447.6099853515625,353.7897644042969,110.4245376586914,0.0,0.0,0.0,1.0366525650024414,1155.9396142959595,447609985.3515625,37.465049743652344,0.1151836183336046,0.375,-0.998206388895605
2022-06-18,256.4462585449219,458.3005065917969,393.7028503417969,133.44386291503906,0.0,0.0,0.0,1.2982258796691895,1243.1917042732239,458300506.5917969,36.09518263075087,0.14424731996324328,0.375,-0.9979114622882979
2022-06-19,113.50932312011719,240.2014617919922,351.17962646484375,109.55358123779297,0.0,0.0,0.0,1.1053581237792969,815.5493507385254,351179626.46484375,26.8473383585612,0.12281756930881077,0.5,-0.9972892906568487
2022-06-20,210.58349609375,412.9754333496094,385.0901794433594,126.80776977539062,0.0,0.0,0.0,1.2967395782470703,1136.7536182403564,412975433.3496094,31.796407063802082,0.1440821753607856,0.375,-0.9977185204316945
2022-06-21,218.47520446777344,424.31072998046875,401.9993591308594,140.96302795410156,0.0,0.0,0.0,1.448975920677185,1187.1972974538803,424310729.98046875,31.483078002929688,0.16099732451968723,0.375,-0.997558996432077
2022-06-22,157.61825561523438,328.8871154785156,359.74737548828125,113.75888061523438,0.0,0.0,0.0,1.173721432685852,961.1853486299515,359747375.48828125,27.332054985894096,0.13041349252065024,0.375,-0.9975577615011761
2022-06-23,217.7562255859375,423.32537841796875,203.19627380371094,61.4663200378418,0.0,0.0,0.0,0.6184375286102295,906.3626353740692,423325378.41796875,40.20656204223633,0.06871528095669216,0.375,-0.9986353408585237
2022-06-24,52.77730941772461,111.44329833984375,42.49160385131836,12.900429725646973,0.0,0.0,0.0,0.1263020932674408,219.73894342780113,111443298.33984375,10.949207623799643,0.014033565918604532,0.375,-0.9988504305088356
2022-06-25,193.8367156982422,393.1654968261719,385.9220275878906,127.96995544433594,0.0,0.0,0.0,1.2275301218032837,1102.121725678444,393165496.8261719,29.466171264648438,0.1363922357559204,0.375,-0.9977724227876301
2022-06-26,84.59782409667969,146.52952575683594,362.8341979980469,115.03399658203125,0.0,0.0,0.0,1.0521845817565918,710.0477290153503,362834197.9980469,30.915152655707466,0.11690939797295465,0.375,-0.9970362975972507
2022-06-27,231.80128479003906,435.75189208984375,379.69744873046875,126.08113098144531,0.0,0.0,0.0,1.1060248613357544,1174.4377814531326,435751892.08984375,34.4078623453776,0.12289165125952826,0.375,-0.9981165024186712
2022-06-28,199.8285675048828,395.57586669921875,237.1776123046875,71.71366882324219,0.0,0.0,0.0,0.5567861199378967,904.8525014519691,395575866.69921875,35.984688652886284,0.06186512443754408,0.375,-0.9987693317564375
2022-06-29,101.14392852783203,214.35379028320312,230.2950897216797,69.46287536621094,0.0,0.0,0.0,0.4866931140422821,615.7423770129681,230295089.7216797,17.87024603949653,0.05407701267136468,0.375,-0.998419164795469
2022-06-30,24.012723922729492,50.7799186706543,166.84429931640625,50.2538948059082,0.0,0.0,0.0,0.311259925365448,292.2020966410637,166844299.31640625,15.870175043741861,0.03458443615171644,0.375,-0.9978695537925413
2022-07-01,96.14442443847656,203.96046447753906,368.1410217285156,116.69869995117188,0.0,0.0,0.0,0.6162169575691223,785.5608275532722,368141021.7285156,30.221844143337673,0.0684685508410136,0.375,-0.9984311400589971
2022-07-02,200.61512756347656,403.7705993652344,404.6088562011719,142.74066162109375,0.0,0.0,0.0,0.5974923968315125,1152.332737147808,404608856.2011719,29.096466064453125,0.06638804409239027,0.375,-0.9989629854692978
2022-07-03,175.62326049804688,364.9728698730469,351.4766540527344,108.74652862548828,0.0,0.0,0.0,0.32111451029777527,1001.1404275596142,364972869.8730469,28.469593471950954,0.03567939003308614,0.375,-0.9993585015625435
2022-07-04,219.41171264648438,424.8155517578125,402.4026794433594,140.41412353515625,0.0,0.0,0.0,0.22720091044902802,1187.2712682932615,424815551.7578125,31.60015869140625,0.025244545605447557,0.375,-0.9996172712735072
2022-07-05,236.0469207763672,441.2939453125,408.385498046875,145.90476989746094,0.0,0.0,0.0,0.050418924540281296,1231.6815529577434,441293945.3125,32.8210194905599,0.005602102726697922,0.375,-0.9999181291229404
2022-07-06,210.07012939453125,415.81829833984375,241.70579528808594,72.2174072265625,0.0,0.0,0.0,0.0,939.8116302490234,415818298.33984375,38.177876790364586,0.0,0.375,-0.999999998935957
2022-07-07,250.5642547607422,453.68817138671875,386.29949951171875,127.05411529541016,0.0,0.0,0.0,0.0,1217.6060409545898,453688171.38671875,36.29267289903429,0.0,0.375,-0.9999999991787162
2022-07-08,237.1871795654297,442.72161865234375,382.71435546875,126.82374572753906,0.0,0.0,0.0,0.0,1189.4468994140625,442721618.65234375,35.09976365831163,0.0,0.375,-0.999999999159273
2022-07-09,257.0400695800781,458.51007080078125,145.59768676757812,43.16823959350586,0.0,0.0,0.0,0.0,904.3160667419434,458510070.80078125,46.14909235636393,0.0,0.375,-0.9999999988941919
2022-07-10,239.9104461669922,445.2718505859375,344.8765869140625,104.51821899414062,0.0,0.0,0.0,0.0,1134.5771026611328,445271850.5859375,37.86151462131076,0.0,0.375,-0.9999999991186143
2022-07-11,198.5609588623047,402.989990234375,405.0094909667969,141.2793426513672,0.0,0.0,0.0,0.0,1147.8397827148438,405009490.9667969,29.30334981282552,0.0,0.375,-0.9999999991287982
2022-07-12,247.7108917236328,452.0436096191406,408.5645446777344,144.83023071289062,0.0,0.0,0.0,0.0,1253.1492767333984,452043609.6191406,34.13481987847222,0.0,0.375,-0.9999999992020104
2022-07-13,215.8530731201172,423.83587646484375,347.27264404296875,104.7863540649414,0.0,0.0,0.0,0.0,1091.747947692871,423835876.46484375,35.44994693332248,0.0,0.375,-0.9999999990840376
2022-07-14,236.9759063720703,443.33154296875,340.8575439453125,102.2004623413086,0.0,0.0,0.0,0.0,1123.3654556274414,443331542.96875,37.90345340304904,0.0,0.375,-0.9999999991098176
2022-07-15,200.1237030029297,405.8090515136719,88.18343353271484,25.729598999023438,0.0,0.0,0.0,0.0,719.8457870483398,405809051.5136719,42.23105027940538,0.0,0.25,-0.9999999986108136
2022-07-16,35.68086624145508,76.86727142333984,62.565818786621094,18.201705932617188,0.0,0.0,0.0,0.0,193.3156623840332,76867271.42333984,6.518396165635851,0.0,0.375,-0.9999999948271134
2022-07-17,213.53846740722656,422.4062805175781,330.0665588378906,97.05486297607422,0.0,0.0,0.0,0.0,1063.0661697387695,422406280.5175781,36.15015750461154,0.0,0.375,-0.9999999990593247
2022-07-18,46.75529861450195,101.07368469238281,207.31939697265625,59.67078399658203,0.0,0.0,0.0,0.0,414.81916427612305,207319396.97265625,17.840455373128254,0.0,0.375,-0.999999997589311
2022-07-19,182.41293334960938,382.77349853515625,338.762451171875,99.74844360351562,0.0,0.0,0.0,0.0,1003.6973266601562,382773498.53515625,31.447228325737846,0.0,0.375,-0.9999999990036837
2022-07-20,239.96524047851562,445.35662841796875,317.1588439941406,91.536376953125,0.0,0.0,0.0,0.0,1094.01708984375,445356628.41796875,39.31336127387153,0.0,0.375,-0.9999999990859374
2022-07-21,49.86004638671875,108.41221618652344,189.64614868164062,53.91448974609375,0.0,0.0,0.0,0.0,401.83290100097656,189646148.68164062,15.531789143880209,0.0,0.375,-0.9999999975114033
2022-07-22,233.74209594726562,443.4099426269531,425.14398193359375,161.5380096435547,0.0,0.0,0.0,0.0,1263.8340301513672,443409942.6269531,31.319103664822048,0.0,0.5,-0.9999999992087568
2022-07-23,200.7897491455078,411.1120910644531,361.37957763671875,106.60452270507812,0.0,0.0,0.0,0.0,1079.8859405517578,411112091.0644531,33.83417426215278,0.0,0.375,-0.9999999990739762
2022-07-24,205.2178497314453,416.12445068359375,324.08563232421875,94.47003936767578,0.0,0.0,0.0,0.0,1039.8979721069336,416124450.68359375,35.739379035102,0.0,0.375,-0.9999999990383671
2022-07-25,242.93075561523438,451.3131408691406,413.75152587890625,146.1606903076172,0.0,0.0,0.0,0.0,1254.1561126708984,451313140.8691406,33.90582784016927,0.0,0.375,-0.999999999202651
2022-07-26,221.97576904296875,434.3973693847656,334.09820556640625,94.7204818725586,0.0,0.0,0.0,0.0,1085.1918258666992,434397369.3847656,37.741876390245224,0.0,0.375,-0.9999999990785038
2022-07-27,227.55447387695312,436.6545104980469,396.6021728515625,128.91738891601562,0.0,0.0,0.0,0.0,1189.7285461425781,436654510.4980469,34.193013509114586,0.0,0.375,-0.999999999159472
2022-07-28,136.7586212158203,301.4172668457031,389.3042907714844,121.69581604003906,0.0,0.0,0.0,0.0,949.1759948730469,389304290.7714844,29.73427497016059,0.0,0.5,-0.9999999989464546
2022-07-29,212.69952392578125,425.1797180175781,403.5871276855469,134.45867919921875,0.0,0.0,0.0,0.0,1175.925048828125,425179718.0175781,32.302337646484375,0.0,0.375,-0.9999999991496056
2022-07-30,248.03271484375,455.6962585449219,281.3261413574219,79.3291015625,0.0,0.0,0.0,0.0,1064.3842163085938,455696258.5449219,41.818572998046875,0.0,0.375,-0.9999999990604895
2022-07-31,210.6056365966797,423.97076416015625,308.8320617675781,85.93978881835938,0.0,0.0,0.0,0.0,1029.3482513427734,423970764.16015625,37.558997260199654,0.0,0.375,-0.9999999990285113
2022-08-01,258.28155517578125,463.69720458984375,379.97259521484375,116.00494384765625,0.0,0.0,0.0,0.0,1217.956298828125,463697204.58984375,38.632473415798614,0.0,0.375,-0.9999999991789524
2022-08-02,214.55596923828125,428.4786376953125,351.797119140625,97.60250854492188,0.0,0.0,0.0,0.0,1092.4342346191406,428478637.6953125,36.764014350043404,0.0,0.375,-0.999999999084613
2022-08-03,191.5953369140625,404.13226318359375,402.6750793457031,131.9666748046875,0.0,0.0,0.0,0.0,1130.3693542480469,404132263.18359375,30.240620930989582,0.0,0.375,-0.9999999991153333
2022-08-04,225.1171875,438.284912109375,411.151123046875,142.02655029296875,0.0,0.0,0.0,0.0,1216.5797729492188,438284912.109375,32.91759575737847,0.0,0.375,-0.9999999991780234
2022-08-05,212.2552947998047,427.1024169921875,322.8231201171875,89.57180786132812,0.0,0.0,0.0,0.0,1051.7526397705078,427102416.9921875,37.50340101453993,0.0,0.375,-0.999999999049206
2022-08-06,223.15780639648438,436.9217834472656,406.1279296875,135.7010040283203,0.0,0.0,0.0,0.0,1201.9085235595703,436921783.4472656,33.46897549099393,0.0,0.375,-0.9999999991679899
2022-08-07,200.69729614257812,415.7167053222656,378.7373046875,110.21586608886719,0.0,0.0,0.0,0.0,1105.367172241211,415716705.3222656,33.94453769259982,0.0,0.375,-0.9999999990953231
2022-08-08,253.93063354492188,461.26312255859375,411.7820739746094,142.42648315429688,0.0,0.0,0.0,0.0,1269.4023132324219,461263122.55859375,35.426293267144096,0.0,0.375,-0.9999999992122276
2022-08-09,209.14300537109375,424.6747131347656,347.15606689453125,92.10761260986328,0.0,0.0,0.0,0.0,1073.081398010254,424674713.1347656,36.95190005832248,0.0,0.375,-0.9999999990681041
2022-08-10,181.9202117919922,394.43194580078125,301.1430358886719,76.82577514648438,0.0,0.0,0.0,0.0,954.3209686279297,394431945.80078125,35.289574517144096,0.0,0.375,-0.9999999989521345
2022-08-11,209.36769104003906,424.741943359375,376.1482849121094,106.60609436035156,0.0,0.0,0.0,0.0,1116.864013671875,424741943.359375,35.34842766655816,0.0,0.375,-0.9999999991046358
2022-08-12,178.44419860839844,390.0294494628906,389.1025695800781,116.11991882324219,0.0,0.0,0.0,0.0,1073.6961364746094,390029449.4628906,30.43439229329427,0.0,0.375,-0.9999999990686377
2022-08-13,184.88424682617188,395.5950012207031,372.00439453125,103.43360137939453,0.0,0.0,0.0,0.0,1055.9172439575195,395595001.2207031,32.4623777601454,0.0,0.375,-0.999999999052956
2022-08-14,198.61959838867188,415.3592529296875,367.3699645996094,99.16952514648438,0.0,0.0,0.0,0.0,1080.5183410644531,415359252.9296875,35.13219197591146,0.0,0.375,-0.9999999990745182
2022-08-15,154.7042999267578,352.2663879394531,363.28570556640625,96.140380859375,0.0,0.0,0.0,0.0,966.3967742919922,363285705.56640625,29.682813856336807,0.0,0.375,-0.9999999989652283
2022-08-16,180.5435028076172,394.7792663574219,114.53942108154297,27.8616886138916,0.0,0.0,0.0,0.0,717.7238788604736,394779266.3574219,40.76861974928114,0.0,0.375,-0.9999999986067065
2022-08-17,72.27117919921875,169.668701171875,197.6958770751953,47.651641845703125,0.0,0.0,0.0,0.0,487.2873992919922,197695877.0751953,16.671581692165798,0.0,0.375,-0.999999997947823
2022-08-18,195.1822967529297,412.24298095703125,351.03369140625,88.892333984375,0.0,0.0,0.0,0.0,1047.351303100586,412242980.95703125,35.92784966362847,0.0,0.375,-0.9999999990452104
2022-08-19,182.5393829345703,398.7615051269531,348.06097412109375,87.23870849609375,0.0,0.0,0.0,0.0,1016.6005706787109,398761505.1269531,34.61364407009549,0.0,0.375,-0.9999999990163295
2022-08-20,151.94776916503906,352.31573486328125,210.70216369628906,49.723731994628906,0.0,0.0,0.0,0.0,764.6893997192383,352315734.86328125,33.62133365207248,0.0,0.375,-0.9999999986922795
2022-08-21,190.32949829101562,407.16156005859375,373.82672119140625,102.5096664428711,0.0,0.0,0.0,0.0,1073.8274459838867,407161560.05859375,33.85021040174696,0.0,0.375,-0.9999999990687516
2022-08-22,209.13734436035156,424.1770935058594,392.4881591796875,119.74403381347656,0.0,0.0,0.0,0.0,1145.546630859375,424177093.5058594,33.82589552137587,0.0,0.375,-0.9999999991270542
2022-08-23,128.6119384765625,307.0079040527344,292.285400390625,68.33070373535156,0.0,0.0,0.0,0.0,796.2359466552734,307007904.0527344,26.519688924153645,0.0,0.375,-0.9999999987440908
2022-08-24,39.334983825683594,94.64413452148438,74.34683227539062,17.086292266845703,0.0,0.0,0.0,0.0,225.4122428894043,94644134.52148438,8.617538028293186,0.0,0.375,-0.9999999955636838
2022-08-25,167.38241577148438,380.465087890625,306.56463623046875,70.61299133300781,0.0,0.0,0.0,0.0,925.0251312255859,380465087.890625,34.42801072862413,0.0,0.375,-0.9999999989189483
2022-08-26,85.93453979492188,209.0860595703125,212.15431213378906,47.785125732421875,0.0,0.0,0.0,0.0,554.9600372314453,212154312.13378906,18.263242933485245,0.0,0.375,-0.9999999981980685
2022-08-27,34.223079681396484,83.40241241455078,39.58802795410156,8.881033897399902,0.0,0.0,0.0,0.0,166.09455394744873,83402412.41455078,8.280153168572319,0.0,0.375,-0.999999993979333
2022-08-28,91.57962036132812,224.54541015625,287.8194885253906,64.26338958740234,0.0,0.0,0.0,0.0,668.2079086303711,287819488.5253906,24.839566548665363,0.0,0.375,-0.9999999985034598
2022-08-29,182.5264892578125,368.0906066894531,277.92578125,61.31465148925781,0.0,0.0,0.0,0.0,889.8575286865234,368090606.6894531,34.08621724446615,0.0,0.375,-0.9999999988762246
2022-08-30,21.459335327148438,53.022499084472656,58.125450134277344,12.685063362121582,0.0,0.0,0.0,0.0,145.29234790802002,58125450.134277344,5.048931863572863,0.0,0.375,-0.9999999931173251
2022-08-31,17.186182022094727,42.6395263671875,38.032867431640625,8.2268648147583,0.0,0.0,0.0,0.0,106.08544063568115,42639526.3671875,3.823629061381022,0.0,0.375,-0.9999999905736359
2022-09-01,157.35879516601562,370.2245178222656,293.3122863769531,63.727909088134766,0.0,0.0,0.0,0.0,884.6235084533691,370224517.8222656,34.05517874823676,0.0,0.375,-0.9999999988695756
2022-09-02,122.85649108886719,303.9132080078125,64.74321746826172,13.719867706298828,0.0,0.0,0.0,0.0,505.23278427124023,303913208.0078125,32.24370447794596,0.0,0.375,-0.9999999980207144
2022-09-03,53.0063591003418,133.4998779296875,179.3367462158203,37.47480773925781,0.0,0.0,0.0,0.0,403.3177909851074,179336746.2158203,15.762437608506945,0.0,0.375,-0.9999999975205657
2022-09-04,96.31010437011719,243.0249481201172,62.45375442504883,12.96020793914795,0.0,0.0,0.0,0.0,414.74901485443115,243024948.1201172,25.562748908996582,0.0,0.375,-0.9999999975889032
2022-09-05,61.67268371582031,156.89825439453125,89.25682830810547,18.318016052246094,0.0,0.0,0.0,0.0,326.1457824707031,156898254.39453125,15.397804260253906,0.0,0.375,-0.9999999969338865
2022-09-06,158.4990997314453,374.9396057128906,328.99859619140625,70.71723937988281,0.0,0.0,0.0,0.0,933.154541015625,374939605.7128906,33.80248514811198,0.0,0.375,-0.9999999989283661
2022-09-07,168.95021057128906,387.5766906738281,341.2164001464844,75.29821014404297,0.0,0.0,0.0,0.0,973.0415115356445,387576690.6738281,34.697608947753906,0.0,0.375,-0.9999999989722946
2022-09-08,129.45059204101562,327.3417053222656,210.07992553710938,41.508270263671875,0.0,0.0,0.0,0.0,708.3804931640625,327341705.3222656,31.75927056206597,0.0,0.375,-0.9999999985883293
2022-09-09,170.15110778808594,389.0302429199219,187.88185119628906,36.67075729370117,0.0,0.0,0.0,0.0,783.733959197998,389030242.9199219,39.151053958468964,0.0,0.375,-0.9999999987240569
2022-09-10,169.62261962890625,388.21527099609375,256.2621154785156,49.5156135559082,0.0,0.0,0.0,0.0,863.6156196594238,388215270.99609375,37.63329527113173,0.0,0.375,-0.9999999988420775
2022-09-11,191.0189208984375,406.8633728027344,327.8136291503906,66.88792419433594,0.0,0.0,0.0,0.0,992.5838470458984,406863372.8027344,37.7750498453776,0.0,0.375,-0.9999999989925284
2022-09-12,165.13800048828125,382.943603515625,321.8711242675781,64.92321014404297,0.0,0.0,0.0,0.0,934.8759384155273,382943603.515625,35.33559926350912,0.0,0.375,-0.9999999989303393
2022-09-13,15.140210151672363,39.84501266479492,44.92753601074219,8.34821605682373,0.0,0.0,0.0,0.0,108.2609748840332,44927536.01074219,4.064368883768718,0.0,0.375,-0.9999999907630613
2022-09-14,62.15826416015625,39.49446105957031,33.29508590698242,6.1070637702941895,0.0,0.0,0.0,0.0,141.05487489700317,62158264.16015625,6.227911154429118,0.0,0.375,-0.9999999929105606
2022-09-15,26.181039810180664,69.5823974609375,54.38313293457031,9.841544151306152,0.0,0.0,0.0,0.0,159.98811435699463,69582397.4609375,6.637872589959039,0.0,0.375,-0.9999999937495357
2022-09-16,35.432071685791016,94.64911651611328,152.90927124023438,27.187803268432617,0.0,0.0,0.0,0.0,310.1782627105713,152909271.24023438,13.969051996866861,0.0,0.25,-0.9999999967760475
2022-09-17,122.91886901855469,320.00537109375,264.371826171875,47.24650192260742,0.0,0.0,0.0,0.0,754.5425682067871,320005371.09375,30.306541019015842,0.0,0.375,-0.9999999986746937
2022-09-18,116.18425750732422,299.91156005859375,243.73361206054688,42.197025299072266,0.0,0.0,0.0,0.0,702.0264549255371,299911560.05859375,28.6349483066135,0.0,0.375,-0.9999999985755522
2022-09-19,157.55511474609375,373.2296142578125,354.3204345703125,80.76531219482422,0.0,0.0,0.0,0.0,965.870475769043,373229614.2578125,32.49603356255425,0.0,0.375,-0.9999999989646645
2022-09-20,137.81060791015625,349.845458984375,170.3597869873047,28.442834854125977,0.0,0.0,0.0,0.0,686.4586887359619,349845458.984375,35.71140268113878,0.0,0.375,-0.9999999985432481
2022-09-21,73.70315551757812,202.62916564941406,266.2200927734375,44.11631774902344,0.0,0.0,0.0,0.0,586.6687316894531,266220092.7734375,24.678197224934895,0.0,0.375,-0.9999999982954606
2022-09-22,170.57362365722656,385.50091552734375,329.7084045410156,61.40571975708008,0.0,0.0,0.0,0.0,947.188663482666,385500915.52734375,36.010577307807075,0.0,0.375,-0.9999999989442441
2022-09-23,48.043060302734375,133.50100708007812,126.11865234375,19.98832130432129,0.0,0.0,0.0,0.0,327.6510410308838,133501007.08007812,12.61252064175076,0.0,0.375,-0.9999999969479725
2022-09-24,124.7706527709961,333.0159606933594,273.5421447753906,43.16867446899414,0.0,0.0,0.0,0.0,774.4974327087402,333015960.6933594,32.205254024929474,0.0,0.375,-0.9999999987088402
2022-09-25,53.13037872314453,149.3870391845703,169.08596801757812,25.7806453704834,0.0,0.0,0.0,0.0,397.38403129577637,169085968.01757812,15.92281362745497,0.0,0.375,-0.9999999974835426
2022-09-26,25.276437759399414,71.36959838867188,77.92533874511719,11.676734924316406,0.0,0.0,0.0,0.0,186.24810981750488,77925338.74511719,7.360955980088976,0.0,0.375,-0.999999994630818
2022-09-27,120.16798400878906,327.1643371582031,124.88507080078125,18.290855407714844,0.0,0.0,0.0,0.0,590.5082473754883,327164337.1582031,34.31927575005425,0.0,0.375,-0.9999999983065435
2022-09-28,24.925209045410156,71.29288482666016,30.4448184967041,4.3764448165893555,0.0,0.0,0.0,0.0,131.03935718536377,71292884.82666016,7.435160001118978,0.0,0.375,-0.999999992368705
2022-09-29,145.50433349609375,359.85638427734375,299.9197998046875,44.4676513671875,0.0,0.0,0.0,0.0,849.7481689453125,359856384.27734375,35.043192545572914,0.0,0.375,-0.9999999988231808
2022-09-30,69.88099670410156,108.87309265136719,143.26548767089844,19.58144187927246,0.0,0.0,0.0,0.0,341.60101890563965,143265487.67089844,13.742671754625109,0.0,0.375,-0.9999999970726082
2022-10-01,97.7323226928711,283.1576232910156,296.1842956542969,41.725372314453125,0.0,0.0,0.0,0.0,718.7996139526367,296184295.6542969,28.273213704427082,0.0,0.375,-0.9999999986087917
2022-10-02,153.54624938964844,367.92529296875,302.2212829589844,42.32485580444336,0.0,0.0,0.0,0.0,866.0176811218262,367925292.96875,36.17782635158963,0.0,0.375,-0.9999999988452891
2022-10-03,132.614990234375,347.5723571777344,327.948486328125,58.75624465942383,0.0,0.0,0.0,0.0,866.8920783996582,347572357.1777344,32.09067916870117,0.0,0.375,-0.9999999988464539
2022-10-04,11.76389217376709,35.114295959472656,29.06000518798828,3.6590583324432373,0.0,0.0,0.0,0.0,79.59725165367126,35114295.959472656,3.4950264030032687,0.0,0.375,-0.9999999874367523
2022-10-05,48.26545715332031,145.60923767089844,36.62486267089844,4.54498291015625,0.0,0.0,0.0,0.0,235.04454040527344,145609237.67089844,15.673806084526909,0.0,0.375,-0.9999999957454873
2022-10-06,11.336994171142578,34.36625289916992,28.379426956176758,3.470039129257202,0.0,0.0,0.0,0.0,77.55271315574646,34366252.89916992,3.4329126411014133,0.0,0.375,-0.9999999871055448
2022-10-07,66.02654266357422,202.36659240722656,68.26862335205078,8.21241569519043,0.0,0.0,0.0,0.0,344.874174118042,202366592.40722656,21.57268630133735,0.0,0.375,-0.9999999971003918
2022-10-08,57.289161682128906,176.88104248046875,36.09440231323242,4.283084392547607,0.0,0.0,0.0,0.0,274.5476908683777,176881042.48046875,19.177550898657906,0.0,0.375,-0.9999999963576456
2022-10-09,99.10163879394531,298.7193298339844,76.87799835205078,8.960060119628906,0.0,0.0,0.0,0.0,483.6590270996094,298719329.8339844,32.19547441270616,0.0,0.375,-0.9999999979324278
2022-10-10,118.3135757446289,326.9954528808594,304.15252685546875,43.93910598754883,0.0,0.0,0.0,0.0,793.4006614685059,326995452.8808594,31.45070521036784,0.0,0.375,-0.9999999987396028
2022-10-11,112.2947769165039,319.3857116699219,271.96478271484375,31.909236907958984,0.0,0.0,0.0,0.0,735.5545082092285,319385711.6699219,31.941830529106987,0.0,0.375,-0.9999999986404815
2022-10-12,148.2056427001953,357.0731506347656,311.183837890625,48.478065490722656,0.0,0.0,0.0,0.0,864.9406967163086,357073150.6347656,34.288342793782554,0.0,0.375,-0.9999999988438514
2022-10-13,125.21214294433594,335.5755615234375,289.0050354003906,36.17718505859375,0.0,0.0,0.0,0.0,785.9699249267578,335575561.5234375,33.26648627387153,0.0,0.375,-0.9999999987276867
2022-10-14,114.54045104980469,321.5706481933594,275.07806396484375,32.36940002441406,0.0,0.0,0.0,0.0,743.5585632324219,321570648.1933594,32.1334720187717,0.0,0.375,-0.999999998655116
2022-10-15,114.09860229492188,322.4408264160156,276.0487365722656,31.47859764099121,0.0,0.0,0.0,0.0,744.0667629241943,322440826.4160156,32.329136530558266,0.0,0.375,-0.9999999986560346
2022-10-16,95.91710662841797,295.5974426269531,251.050048828125,26.34564781188965,0.0,0.0,0.0,0.0,668.9102458953857,295597442.6269531,29.916866090562607,0.0,0.375,-0.9999999985050311
2022-10-17,101.30821990966797,303.09954833984375,256.8819885253906,26.932666778564453,0.0,0.0,0.0,0.0,688.2224235534668,303099548.33984375,30.685209062364365,0.0,0.375,-0.9999999985469814
2022-10-18,115.8963851928711,322.63470458984375,276.5708312988281,31.411312103271484,0.0,0.0,0.0,0.0,746.5132331848145,322634704.58984375,32.358154720730255,0.0,0.375,-0.999999998660439
2022-10-19,135.17222595214844,341.3493347167969,296.1291198730469,40.089046478271484,0.0,0.0,0.0,0.0,812.7397270202637,341349334.7167969,33.47336535983615,0.0,0.375,-0.9999999987695938
2022-10-20,116.57752990722656,323.4544982910156,277.4001159667969,31.01764678955078,0.0,0.0,0.0,0.0,748.4497909545898,323454498.2910156,32.49298350016276,0.0,0.375,-0.999999998663905
2022-10-21,118.58881378173828,325.07623291015625,279.16094970703125,31.707866668701172,0.0,0.0,0.0,0.0,754.533863067627,325076232.91015625,32.59648513793945,0.0,0.375,-0.9999999986746785
2022-10-22,77.7301025390625,260.0751953125,214.8690185546875,19.57939910888672,0.0,0.0,0.0,0.0,572.2537155151367,260075195.3125,26.72175513373481,0.0,0.375,-0.9999999982525234
2022-10-23,66.64423370361328,227.73184204101562,186.41342163085938,16.580055236816406,0.0,0.0,0.0,0.0,497.3695526123047,227731842.04101562,23.461309644911026,0.0,0.375,-0.9999999979894225
2022-10-24,103.64507293701172,306.69635009765625,233.57177734375,20.757265090942383,0.0,0.0,0.0,0.0,664.6704654693604,306696350.09765625,31.77100944519043,0.0,0.375,-0.999999998495495
2022-10-25,123.36614227294922,327.364501953125,249.93243408203125,22.47156524658203,0.0,0.0,0.0,0.0,723.1346435546875,327364501.953125,33.87699296739366,0.0,0.375,-0.9999999986171316
2022-10-26,30.432680130004883,105.67301177978516,107.09999084472656,8.856715202331543,0.0,0.0,0.0,0.0,252.06239795684814,107099990.84472656,10.915919515821669,0.0,0.25,-0.9999999960327284
2022-10-27,14.7591552734375,51.51237106323242,25.255014419555664,2.0207698345184326,0.0,0.0,0.0,0.0,93.54731059074402,51512371.06323242,5.499066803190443,0.0,0.375,-0.9999999893102219
2022-10-28,50.18381881713867,177.09584045410156,117.37458801269531,9.210058212280273,0.0,0.0,0.0,0.0,353.8643054962158,177095840.45410156,18.65397580464681,0.0,0.375,-0.9999999971740581
2022-10-29,44.33647918701172,157.45736694335938,247.61026000976562,20.446075439453125,0.0,0.0,0.0,0.0,469.85018157958984,247610260.00976562,25.240464952256943,0.0,0.25,-0.999999997871662
2022-10-30,30.67563247680664,109.54193115234375,183.20660400390625,13.590476036071777,0.0,0.0,0.0,0.0,337.0146436691284,183206604.00390625,18.8462364408705,0.0,0.25,-0.9999999970327699
2022-10-31,81.46314239501953,274.610107421875,168.3404541015625,13.971489906311035,0.0,0.0,0.0,0.0,538.3851938247681,274610107.421875,28.959846390618218,0.0,0.375,-0.9999999981425938
2022-11-01,78.82454681396484,256.3351135253906,166.75595092773438,11.646322250366211,0.0,0.0,0.0,0.0,513.561933517456,256335113.52539062,27.187643475002712,0.0,0.375,-0.9999999980528151
2022-11-02,88.57457733154297,286.9142761230469,266.30938720703125,24.316205978393555,0.0,0.0,0.0,0.0,666.1144466400146,286914276.1230469,29.177563349405926,0.0,0.375,-0.9999999984987564
2022-11-03,50.15801239013672,185.1273651123047,52.147796630859375,3.3654112815856934,0.0,0.0,0.0,0.0,290.7985854148865,185127365.1123047,20.195772647857666,0.0,0.375,-0.9999999965611938
2022-11-04,47.09278869628906,174.89593505859375,152.73410034179688,9.631926536560059,0.0,0.0,0.0,0.0,384.35475063323975,174895935.05859375,18.3626676135593,0.0,0.25,-0.999999997398237
2022-11-05,86.95266723632812,285.1369323730469,197.9279327392578,12.043055534362793,0.0,0.0,0.0,0.0,582.0605878829956,285136932.3730469,30.34376409318712,0.0,0.375,-0.9999999982819658
2022-11-06,95.9273452758789,296.1899108886719,241.75558471679688,16.358469009399414,0.0,0.0,0.0,0.0,650.2313098907471,296189910.8886719,31.092382431030273,0.0,0.375,-0.9999999984620858
2022-11-07,76.63475799560547,269.369140625,239.39544677734375,15.415168762207031,0.0,0.0,0.0,0.0,600.8145141601562,269369140.625,28.217107984754776,0.0,0.375,-0.9999999983355928
2022-11-08,86.67982482910156,284.80963134765625,215.0454864501953,11.851469993591309,0.0,0.0,0.0,0.0,598.3864126205444,284809631.34765625,30.328684594896103,0.0,0.375,-0.999999998328839
2022-11-09,70.30323791503906,258.15240478515625,68.7122802734375,3.530433416366577,0.0,0.0,0.0,0.0,400.6983563899994,258152404.78515625,28.291330152087742,0.0,0.375,-0.9999999975043571
2022-11-10,48.27559280395508,187.697998046875,195.9417724609375,9.779953956604004,0.0,0.0,0.0,0.0,441.6953172683716,195941772.4609375,20.6846465004815,0.0,0.25,-0.9999999977359959
2022-11-11,24.329092025756836,95.07371520996094,238.5021209716797,13.529936790466309,0.0,0.0,0.0,0.0,371.43486499786377,238502120.9716797,24.996909353468155,0.0,0.25,-0.9999999973077379
2022-11-12,45.05389404296875,177.90646362304688,202.33152770996094,9.284259796142578,0.0,0.0,0.0,0.0,434.57614517211914,202331527.70996094,21.449696434868706,0.0,0.25,-0.9999999976989074
2022-11-13,12.56093692779541,49.815528869628906,42.06982421875,1.7865910530090332,0.0,0.0,0.0,0.0,106.23288106918335,49815528.869628906,5.336548646291097,0.0,0.25,-0.9999999905867187
2022-11-14,33.356117248535156,133.77206420898438,25.21300506591797,1.004191517829895,0.0,0.0,0.0,0.0,193.3453780412674,133772064.20898438,14.75198585457272,0.0,0.375,-0.9999999948279085
2022-11-15,51.832393646240234,206.9746856689453,191.89479064941406,7.439776420593262,0.0,0.0,0.0,0.0,458.14164638519287,206974685.6689453,22.170545472039116,0.0,0.25,-0.999999997817269
2022-11-16,65.3103256225586,252.10655212402344,138.3302459716797,5.03990364074707,0.0,0.0,0.0,0.0,460.7870273590088,252106552.12402344,27.45184983147515,0.0,0.375,-0.9999999978298
2022-11-17,12.933382034301758,52.986000061035156,18.859149932861328,0.6360616087913513,0.0,0.0,0.0,0.0,85.4145936369896,52986000.061035156,5.816659828027089,0.0,0.375,-0.999999988292399
2022-11-18,24.055648803710938,99.4649887084961,38.18804168701172,1.212075114250183,0.0,0.0,0.0,0.0,162.92075431346893,99464988.7084961,10.916990399360657,0.0,0.375,-0.9999999938620466
2022-11-19,6.3006272315979,26.201923370361328,30.388057708740234,0.906251847743988,0.0,0.0,0.0,0.0,63.79686015844345,30388057.708740234,3.275756206777361,0.0,0.25,-0.9999999843252477
2022-11-20,41.95316696166992,173.3019256591797,59.60498046875,1.6870085000991821,0.0,0.0,0.0,0.0,276.5470815896988,173301925.6591797,19.068324128786724,0.0,0.375,-0.9999999963839792
2022-11-21,61.67682647705078,246.86875915527344,175.9569091796875,4.618792533874512,0.0,0.0,0.0,0.0,489.12128734588623,246868759.15527344,26.916662957933212,0.0,0.375,-0.9999999979555173
2022-11-22,9.867762565612793,42.04945755004883,18.826644897460938,0.4475487172603607,0.0,0.0,0.0,0.0,71.19141373038292,42049457.55004883,4.622434314754274,0.0,0.375,-0.9999999859533625
2022-11-23,15.028865814208984,64.5860366821289,88.40518188476562,1.9599932432174683,0.0,0.0,0.0,0.0,169.98007762432098,88405181.88476562,9.605020960172018,0.0,0.25,-0.9999999941169577
2022-11-24,20.63552474975586,89.45633697509766,196.07635498046875,4.0654988288879395,0.0,0.0,0.0,0.0,310.2337155342102,196076354.98046875,21.33453957239787,0.0,0.25,-0.9999999967766238
2022-11-25,41.17564392089844,180.71600341796875,56.689422607421875,1.0340057611465454,0.0,0.0,0.0,0.0,279.6150757074356,180716003.41796875,19.96466640631358,0.0,0.375,-0.9999999964236549
2022-11-26,50.56881332397461,220.03543090820312,104.95193481445312,1.742281198501587,0.0,0.0,0.0,0.0,377.29846024513245,220035430.90820312,24.25479441218906,0.0,0.375,-0.9999999973495783
2022-11-27,23.057571411132812,102.23516082763672,24.802091598510742,0.35658663511276245,0.0,0.0,0.0,0.0,150.45141047239304,102235160.82763672,11.319841576947105,0.0,0.375,-0.9999999933533359
2022-11-28,30.513381958007812,136.6920928955078,48.8310432434082,0.6215723156929016,0.0,0.0,0.0,0.0,216.65809041261673,136692092.8955078,15.118946731090546,0.0,0.375,-0.9999999953844327
2022-11-29,4.908387660980225,22.013166427612305,17.41122055053711,0.19063064455986023,0.0,0.0,0.0,0.0,44.5234052836895,22013166.427612305,2.424726198116938,0.0,0.25,-0.9999999775399036
2022-11-30,6.43162202835083,29.08598518371582,39.12092590332031,0.3667067587375641,0.0,0.0,0.0,0.0,75.00523987412453,39120925.90332031,4.306024349398083,0.0,0.25,-0.9999999866675984
2022-12-01,26.410480499267578,120.632568359375,42.54277801513672,0.3395666182041168,0.0,0.0,0.0,0.0,189.9253934919834,120632568.359375,13.36588908235232,0.0,0.375,-0.9999999947347746
2022-12-02,7.175564289093018,32.85195541381836,25.957412719726562,0.16287833452224731,0.0,0.0,0.0,0.0,66.14781075716019,32851955.41381836,3.632119675477346,0.0,0.25,-0.999999984882342
2022-12-03,15.638754844665527,72.15019226074219,16.680665969848633,0.08190490305423737,0.0,0.0,0.0,0.0,104.55151797831059,72150192.26074219,8.00758748418755,0.0,0.375,-0.9999999904353375
2022-12-04,12.692682266235352,58.88805389404297,16.558740615844727,0.05876069888472557,0.0,0.0,0.0,0.0,88.19823747500777,58888053.89404297,6.5365881327953606,0.0,0.375,-0.9999999886619051
2022-12-05,33.98801040649414,159.80638122558594,199.0582275390625,0.5042033791542053,0.0,0.0,0.0,0.0,393.3568225502968,199058227.5390625,22.06155823998981,0.0,0.25,-0.9999999974577789
2022-12-06,49.71546173095703,225.5608673095703,186.87318420410156,0.20379316806793213,0.0,0.0,0.0,0.0,462.35330641269684,225560867.3095703,25.039674904611374,0.0,0.25,-0.9999999978371519
2022-12-07,4.348834037780762,20.486310958862305,39.09391403198242,0.00504583353176713,0.0,0.0,0.0,0.0,63.934104862157255,39093914.03198242,4.343207577605629,0.0,0.25,-0.999999984358896
2022-12-08,13.511133193969727,64.03646850585938,16.334232330322266,0.0,0.0,0.0,0.0,0.0,93.88183403015137,64036468.505859375,7.115163167317708,0.0,0.375,-0.9999999893483122
2022-12-09,4.309586048126221,20.49225425720215,32.23331832885742,0.0,0.0,0.0,0.0,0.0,57.03515863418579,32233318.328857422,3.5814798143174915,0.0,0.25,-0.9999999824669554
2022-12-10,22.583864212036133,108.20967102050781,15.829385757446289,0.0,0.0,0.0,0.0,0.0,146.62292098999023,108209671.02050781,12.023296780056423,0.0,0.25,-0.999999993179784
2022-12-11,58.649505615234375,244.12957763671875,188.19998168945312,0.0,0.0,0.0,0.0,0.0,490.97906494140625,244129577.63671875,27.125508626302082,0.0,0.25,-0.9999999979632533
2022-12-12,37.03877639770508,180.93641662597656,151.28079223632812,0.0,0.0,0.0,0.0,0.0,369.25598526000977,180936416.62597656,20.104046291775173,0.0,0.25,-0.9999999972918516
2022-12-13,47.011112213134766,220.5260467529297,188.29171752929688,0.0,0.0,0.0,0.0,0.0,455.8288764953613,220526046.7529297,24.502894083658855,0.0,0.25,-0.9999999978061943
2022-12-14,67.90815734863281,256.6070861816406,200.8189239501953,0.0,0.0,0.0,0.0,0.0,525.3341674804688,256607086.18164062,28.511898464626736,0.0,0.375,-0.9999999980964497
2022-12-15,51.23661422729492,231.21080017089844,195.8087615966797,0.0,0.0,0.0,0.0,0.0,478.25617599487305,231210800.17089844,25.690088907877605,0.0,0.25,-0.9999999979090703
2022-12-16,9.473699569702148,46.10990905761719,76.06546783447266,0.0,0.0,0.0,0.0,0.0,131.649076461792,76065467.83447266,8.45171864827474,0.0,0.25,-0.9999999924040486
2022-12-17,45.56663131713867,217.01287841796875,153.39337158203125,0.0,0.0,0.0,0.0,0.0,415.9728813171387,217012878.41796875,24.11254204644097,0.0,0.25,-0.9999999975959971
2022-12-18,53.97184371948242,236.3105926513672,213.80113220214844,0.0,0.0,0.0,0.0,0.0,504.08356857299805,236310592.6513672,26.256732516818577,0.0,0.25,-0.999999998016202
2022-12-19,57.26038360595703,241.96615600585938,193.8695068359375,0.0,0.0,0.0,0.0,0.0,493.0960464477539,241966156.00585938,26.885128445095486,0.0,0.25,-0.9999999979719976
2022-12-20,48.57798767089844,225.5693359375,139.68601989746094,0.0,0.0,0.0,0.0,0.0,413.8333435058594,225569335.9375,25.06325954861111,0.0,0.25,-0.9999999975835684
2022-12-21,46.44038391113281,220.01995849609375,168.07798767089844,0.0,0.0,0.0,0.0,0.0,434.538330078125,220019958.49609375,24.44666205512153,0.0,0.25,-0.9999999976987071
2022-12-22,50.105735778808594,228.54957580566406,192.60386657714844,0.0,0.0,0.0,0.0,0.0,471.2591781616211,228549575.80566406,25.394397311740452,0.0,0.25,-0.9999999978780254
2022-12-23,59.831050872802734,245.84632873535156,196.91537475585938,0.0,0.0,0.0,0.0,0.0,502.5927543640137,245846328.73535156,27.316258748372395,0.0,0.25,-0.9999999980103175
2022-12-24,49.425960540771484,226.78390502929688,183.75624084472656,0.0,0.0,0.0,0.0,0.0,459.9661064147949,226783905.02929688,25.198211669921875,0.0,0.25,-0.9999999978259267
2022-12-25,45.488704681396484,217.1632080078125,182.5977325439453,0.0,0.0,0.0,0.0,0.0,445.2496452331543,217163208.0078125,24.12924533420139,0.0,0.25,-0.999999997754069
2022-12-26,7.724461078643799,37.57317352294922,35.562686920166016,0.0,0.0,0.0,0.0,0.0,80.86032152175903,37573173.52294922,4.174797058105469,0.0,0.25,-0.9999999876329952
2022-12-27,43.65740966796875,211.85845947265625,135.1287841796875,0.0,0.0,0.0,0.0,0.0,390.6446533203125,211858459.47265625,23.53982883029514,0.0,0.25,-0.9999999974401288
2022-12-28,34.370052337646484,168.0879364013672,91.85350036621094,0.0,0.0,0.0,0.0,0.0,294.3114891052246,168087936.4013672,18.676437377929688,0.0,0.25,-0.9999999966022394
2022-12-29,40.757015228271484,198.52549743652344,35.63669967651367,0.0,0.0,0.0,0.0,0.0,274.9192123413086,198525497.43652344,22.05838860405816,0.0,0.375,-0.9999999963625678
2022-12-30,14.579646110534668,70.20872497558594,187.32814025878906,0.0,0.0,0.0,0.0,0.0,272.11651134490967,187328140.25878906,20.81423780653212,0.0,0.25,-0.9999999963251036
2022-12-31,43.0299186706543,206.89102172851562,171.04591369628906,0.0,0.0,0.0,0.0,0.0,420.966854095459,206891021.72851562,22.987891303168404,0.0,0.25,-0.9999999976245161
2023-01-01,21.288501739501953,101.78627014160156,18.138721466064453,0.0,0.0,0.0,0.0,0.0,141.21349334716797,101786270.14160156,11.309585571289062,0.0,0.375,-0.9999999929185238
2023-01-02,9.019948959350586,42.825130462646484,52.63393783569336,0.0,0.0,0.0,0.0,0.0,104.47901725769043,52633937.83569336,5.84821531507704,0.0,0.25,-0.9999999904287002
2023-01-03,55.736228942871094,238.93240356445312,217.43157958984375,0.0017888844013214111,0.0,0.0,0.0,0.0,512.1020009815693,238932403.56445312,26.54784607556131,0.0,0.25,-0.999999998047264
2023-01-04,69.13599395751953,258.62640380859375,191.9429168701172,0.09996360540390015,0.0,0.0,0.0,0.0,519.8052782416344,258626403.80859375,28.72516002257665,0.0,0.375,-0.9999999980762027
2023-01-05,29.00990867614746,136.31410217285156,136.17127990722656,0.22906970977783203,0.0,0.0,0.0,0.0,301.7243604660034,136314102.17285156,15.120559162563747,0.0,0.25,-0.9999999966857167
2023-01-06,45.634456634521484,211.98985290527344,186.74513244628906,0.5771787166595459,0.0,0.0,0.0,0.0,444.94662070274353,211989852.90527344,23.49029713206821,0.0,0.25,-0.9999999977525394
2023-01-07,45.46306610107422,210.21051025390625,175.3079071044922,0.7595745921134949,0.0,0.0,0.0,0.0,431.74105805158615,210210510.25390625,23.27232618464364,0.0,0.25,-0.9999999976837969
2023-01-08,58.772037506103516,243.40235900878906,222.09169006347656,1.6532130241394043,0.0,0.0,0.0,0.0,525.9192996025085,243402359.00878906,26.86101622051663,0.0,0.25,-0.9999999980985677
2023-01-09,60.509239196777344,246.4302978515625,168.8832244873047,1.2259269952774048,0.0,0.0,0.0,0.0,477.04868853092194,246430297.8515625,27.244930095142788,0.0,0.375,-0.9999999979037779
2023-01-10,50.50677490234375,223.0521697998047,223.88287353515625,2.549727201461792,0.0,0.0,0.0,0.0,499.9915454387665,223882873.53515625,24.59257181485494,0.0,0.25,-0.9999999979999662
2023-01-11,74.28099822998047,265.3603210449219,203.61639404296875,2.330782651901245,0.0,0.0,0.0,0.0,545.5884959697723,265360321.04492188,29.225504265891182,0.0,0.375,-0.9999999981671168
2023-01-12,43.86091232299805,196.14488220214844,185.17007446289062,2.2890055179595947,0.0,0.0,0.0,0.0,427.4648745059967,196144882.20214844,21.53954185379876,0.0,0.25,-0.9999999976606265
2023-01-13,22.924713134765625,101.98990631103516,61.11608123779297,0.8352867364883423,0.0,0.0,0.0,0.0,186.8659874200821,101989906.31103516,11.239402174949646,0.0,0.25,-0.9999999946485714
2023-01-14,4.886602878570557,21.537595748901367,17.044979095458984,0.26152533292770386,0.0,0.0,0.0,0.0,43.73070305585861,21537595.748901367,2.3640078239970737,0.0,0.25,-0.9999999771327716
2023-01-15,18.554838180541992,81.36530303955078,40.82285690307617,0.7061118483543396,0.0,0.0,0.0,0.0,141.44910997152328,81365303.03955078,8.962132354577383,0.0,0.375,-0.9999999929303197
2023-01-16,68.46610260009766,257.3327331542969,195.86502075195312,3.928727388381958,0.0,0.0,0.0,0.0,525.5925838947296,257332733.15429688,28.15600064065721,0.0,0.375,-0.9999999980973856
2023-01-17,65.7411880493164,253.50682067871094,204.6470489501953,4.681255340576172,0.0,0.0,0.0,0.0,528.5763130187988,253506820.67871094,27.64728503757053,0.0,0.25,-0.9999999981081256
2023-01-18,56.75661849975586,233.97781372070312,189.40316772460938,4.442208290100098,0.0,0.0,0.0,0.0,484.57980823516846,233977813.72070312,25.50395615895589,0.0,0.25,-0.9999999979363564
2023-01-19,56.96071243286133,233.97315979003906,215.62374877929688,6.137297630310059,0.0,0.0,0.0,0.0,512.6949186325073,233973159.79003906,25.315095795525444,0.0,0.25,-0.9999999980495223
2023-01-20,57.83960723876953,235.73709106445312,183.3223419189453,4.980153560638428,0.0,0.0,0.0,0.0,481.8791937828064,235737091.06445312,25.639659722646076,0.0,0.25,-0.9999999979247911
2023-01-21,72.89375305175781,264.1091003417969,211.63258361816406,6.6384196281433105,0.0,0.0,0.0,0.0,555.2738566398621,264109100.34179688,28.607853412628174,0.0,0.375,-0.9999999981990868
2023-01-22,27.830368041992188,115.66117858886719,19.49366569519043,0.5977423191070557,0.0,0.0,0.0,0.0,163.58295464515686,115661178.58886719,12.78482625219557,0.0,0.25,-0.9999999938868936
2023-01-23,9.795001983642578,40.291831970214844,18.042984008789062,0.5896212458610535,0.0,0.0,0.0,0.0,68.71943920850754,40291831.970214844,4.411356747150421,0.0,0.375,-0.9999999854480771
2023-01-24,55.233428955078125,223.63009643554688,220.88189697265625,9.121905326843262,0.0,0.0,0.0,0.0,508.8673276901245,223630096.43554688,23.834243456522625,0.0,0.25,-0.9999999980348513
2023-01-25,71.5530014038086,261.3053283691406,213.3883514404297,8.569032669067383,0.0,0.0,0.0,0.0,554.8157138824463,261305328.36914062,28.081810633341473,0.0,0.375,-0.9999999981975998
2023-01-26,67.57017517089844,253.85484313964844,220.56161499023438,9.632485389709473,0.0,0.0,0.0,0.0,551.6191186904907,253854843.13964844,27.135817527770996,0.0,0.25,-0.9999999981871549
2023-01-27,69.40265655517578,256.66522216796875,227.79811096191406,10.937233924865723,0.0,0.0,0.0,0.0,564.8032236099243,256665222.16796875,27.303109804789226,0.0,0.25,-0.9999999982294718
2023-01-28,94.3795394897461,291.9783630371094,236.77369689941406,12.598889350891113,0.0,0.0,0.0,0.0,635.7304887771606,291978363.0371094,31.04216374291314,0.0,0.375,-0.9999999984270064
2023-01-29,81.0496826171875,275.9393310546875,243.85256958007812,14.343074798583984,0.0,0.0,0.0,0.0,615.1846580505371,275939331.0546875,29.066250695122612,0.0,0.375,-0.9999999983744718
2023-01-30,81.2596664428711,276.0699462890625,220.91453552246094,11.469985961914062,0.0,0.0,0.0,0.0,589.7141342163086,276069946.2890625,29.39999559190538,0.0,0.375,-0.9999999983042631
2023-01-31,93.29857635498047,291.92352294921875,252.8053741455078,17.146183013916016,0.0,0.0,0.0,0.0,655.173656463623,291923522.94921875,30.53081554836697,0.0,0.375,-0.9999999984736871
2023-02-01,71.56757354736328,259.6846008300781,200.24392700195312,10.655174255371094,0.0,0.0,0.0,0.0,542.1512756347656,259684600.83007812,27.66993628607856,0.0,0.375,-0.9999999981554963
2023-02-02,25.379213333129883,96.59061431884766,31.97428321838379,1.7365401983261108,0.0,0.0,0.0,0.0,155.68065106868744,96590614.31884766,10.539341568946838,0.0,0.375,-0.9999999935765942
2023-02-03,70.8393783569336,256.69927978515625,172.74948120117188,9.909347534179688,0.0,0.0,0.0,0.0,510.1974868774414,256699279.78515625,27.42110358344184,0.0,0.375,-0.9999999980399746
2023-02-04,72.3910140991211,258.7618103027344,145.13729858398438,8.652127265930176,0.0,0.0,0.0,0.0,484.94225025177,258761810.30273438,27.789964781867134,0.0,0.375,-0.9999999979378988
2023-02-05,7.017635822296143,26.037403106689453,62.66189193725586,3.8300583362579346,0.0,0.0,0.0,0.0,99.54698920249939,62661891.93725586,6.536870400110881,0.0,0.25,-0.9999999899544929
2023-02-06,15.52682113647461,57.23619079589844,21.187015533447266,1.334269404411316,0.0,0.0,0.0,0.0,95.28429687023163,57236190.79589844,6.211324599054125,0.0,0.375,-0.9999999895050914
2023-02-07,18.800580978393555,68.7982406616211,82.92562103271484,5.448581695556641,0.0,0.0,0.0,0.0,175.97302436828613,82925621.03271484,8.608559926350912,0.0,0.25,-0.9999999943173109
2023-02-08,27.955968856811523,101.6506576538086,26.491552352905273,1.784473180770874,0.0,0.0,0.0,0.0,157.88265204429626,101650657.6538086,11.096242719226414,0.0,0.375,-0.999999993666182
2023-02-09,7.556979179382324,27.218219757080078,22.063928604125977,1.5268698930740356,0.0,0.0,0.0,0.0,58.365997433662415,27218219.757080078,2.854594429334005,0.0,0.375,-0.9999999828667371
2023-02-10,32.57216262817383,116.81871795654297,37.741458892822266,2.703701972961426,0.0,0.0,0.0,0.0,189.8360414505005,116818717.95654297,12.67944622039795,0.0,0.375,-0.9999999947322964
2023-02-11,14.201969146728516,50.44253158569336,22.586441040039062,1.663295865058899,0.0,0.0,0.0,0.0,88.89423763751984,50442531.58569336,5.419915080070496,0.0,0.375,-0.9999999887506771
2023-02-12,8.08940601348877,28.51235008239746,104.8521728515625,8.039034843444824,0.0,0.0,0.0,0.0,149.49296379089355,104852172.8515625,10.757015334235298,0.0,0.25,-0.999999993310722
2023-02-13,14.42153549194336,50.53765869140625,22.706947326660156,1.76992666721344,0.0,0.0,0.0,0.0,89.4360681772232,50537658.69140625,5.418636891576979,0.0,0.375,-0.9999999888188288
2023-02-14,121.34300231933594,325.6221008300781,186.18234252929688,15.110962867736816,0.0,0.0,0.0,0.0,648.2584085464478,325622100.8300781,34.501237551371254,0.0,0.375,-0.9999999984574053
2023-02-15,102.5999526977539,305.6917419433594,252.2177734375,22.815549850463867,0.0,0.0,0.0,0.0,683.3250179290771,305691741.9433594,31.430688010321724,0.0,0.375,-0.9999999985365675
2023-02-16,125.1722412109375,330.0115661621094,283.3196105957031,33.04648971557617,0.0,0.0,0.0,0.0,771.5499076843262,330011566.1621094,32.99611960517036,0.0,0.375,-0.9999999987039075
2023-02-17,45.8191032409668,156.8905029296875,216.69761657714844,19.04338836669922,0.0,0.0,0.0,0.0,438.45061111450195,216697616.57714844,21.961580912272137,0.0,0.25,-0.9999999977192414
2023-02-18,45.46210861206055,154.58018493652344,233.15235900878906,21.118656158447266,0.0,0.0,0.0,0.0,454.3133087158203,233152359.00878906,23.559300316704643,0.0,0.25,-0.9999999977988758
2023-02-19,64.48574829101562,218.53515625,227.41261291503906,20.970626831054688,0.0,0.0,0.0,0.0,531.4041442871094,227412612.91503906,22.937998453776043,0.0,0.25,-0.9999999981181931
2023-02-20,95.79988861083984,295.36328125,238.53143310546875,22.673419952392578,0.0,0.0,0.0,0.0,652.3680229187012,295363281.25,30.298873477511936,0.0,0.375,-0.999999998467123
2023-02-21,78.15338134765625,258.0239562988281,289.0220031738281,36.41341018676758,0.0,0.0,0.0,0.0,661.6127510070801,289022003.1738281,28.06762144300673,0.0,0.25,-0.9999999984885418
2023-02-22,62.62004852294922,208.31007385253906,25.307048797607422,2.4658143520355225,0.0,0.0,0.0,0.0,298.7029855251312,208310073.85253906,22.87158438894484,0.0,0.25,-0.9999999966521929
2023-02-23,27.24825096130371,89.74051666259766,87.77780151367188,8.757536888122559,0.0,0.0,0.0,0.0,213.5241060256958,89740516.66259766,8.998108863830566,0.0,0.375,-0.999999995316688
2023-02-24,40.7230110168457,133.71055603027344,224.89976501464844,22.932931900024414,0.0,0.0,0.0,0.0,422.266263961792,224899765.01464844,22.440759234958225,0.0,0.25,-0.999999997631826
2023-02-25,89.94339752197266,284.2467346191406,282.72540283203125,33.90424728393555,0.0,0.0,0.0,0.0,690.8197822570801,284246734.6191406,27.815831926133896,0.0,0.375,-0.9999999985524445
2023-02-26,144.40992736816406,352.6031494140625,302.9178771972656,43.318084716796875,0.0,0.0,0.0,0.0,843.2490386962891,352603149.4140625,34.36500718858507,0.0,0.375,-0.9999999988141107
2023-02-27,120.39596557617188,329.6495056152344,278.5644836425781,32.907264709472656,0.0,0.0,0.0,0.0,761.517219543457,329649505.6152344,32.97136010064019,0.0,0.375,-0.9999999986868321
2023-02-28,122.96747589111328,333.2054138183594,131.23141479492188,14.406658172607422,0.0,0.0,0.0,0.0,601.810962677002,333205413.8183594,35.42208396063911,0.0,0.375,-0.9999999983383486
2023-03-01,108.25502014160156,314.2790832519531,214.44505310058594,23.86058807373047,0.0,0.0,0.0,0.0,660.8397445678711,314279083.2519531,32.268721686469185,0.0,0.375,-0.9999999984867738
2023-03-02,115.72962188720703,323.9551086425781,295.851318359375,39.66655731201172,0.0,0.0,0.0,0.0,775.2026062011719,323955108.6425781,31.587616814507378,0.0,0.375,-0.9999999987100147
2023-03-03,90.0730972290039,277.57635498046875,231.00634765625,26.59039878845215,0.0,0.0,0.0,0.0,625.2461986541748,277576354.98046875,27.88732846577962,0.0,0.375,-0.99999999840063
2023-03-04,108.49687957763672,313.25653076171875,267.2227783203125,32.00407028198242,0.0,0.0,0.0,0.0,720.9802589416504,313256530.76171875,31.25027338663737,0.0,0.375,-0.9999999986129995
2023-03-05,105.01087951660156,307.96478271484375,257.7652587890625,30.886571884155273,0.0,0.0,0.0,0.0,701.6274929046631,307964782.71484375,30.786467870076496,0.0,0.375,-0.9999999985747423
2023-03-06,126.91228485107422,339.0277099609375,291.64666748046875,38.488582611083984,0.0,0.0,0.0,0.0,796.0752449035645,339027709.9609375,33.39323637220595,0.0,0.375,-0.9999999987438374
2023-03-07,160.52215576171875,372.61309814453125,319.7041015625,53.10895919799805,0.0,0.0,0.0,0.0,905.948314666748,372613098.14453125,35.500459882948135,0.0,0.375,-0.9999999988961843
2023-03-08,62.776241302490234,188.9368438720703,73.49932861328125,9.168914794921875,0.0,0.0,0.0,0.0,334.3813285827637,188936843.8720703,19.97421434190538,0.0,0.375,-0.9999999970094025
2023-03-09,125.87907409667969,337.2157897949219,324.4612121582031,55.35161590576172,0.0,0.0,0.0,0.0,842.9076919555664,337215789.7949219,31.318241543240017,0.0,0.375,-0.9999999988136304
2023-03-10,167.53611755371094,379.6715087890625,328.2693176269531,57.941917419433594,0.0,0.0,0.0,0.0,933.4188613891602,379671508.7890625,35.74773237440321,0.0,0.375,-0.9999999989286696
2023-03-11,109.40249633789062,311.6870422363281,285.5794982910156,38.85186767578125,0.0,0.0,0.0,0.0,745.5209045410156,311687042.2363281,30.315019395616318,0.0,0.375,-0.999999998658656
2023-03-12,82.90742492675781,239.87249755859375,221.5793914794922,29.791440963745117,0.0,0.0,0.0,0.0,574.1507549285889,239872497.55859375,23.34233962164985,0.0,0.375,-0.9999999982582972
2023-03-13,147.91539001464844,362.01031494140625,337.8201904296875,66.19142150878906,0.0,0.0,0.0,0.0,913.9373168945312,362010314.94140625,32.868765936957466,0.0,0.375,-0.999999998905833
2023-03-14,168.2718048095703,381.49835205078125,339.4654541015625,67.67198944091797,0.0,0.0,0.0,0.0,956.907600402832,381498352.05078125,34.86959584554037,0.0,0.375,-0.999999998954967
2023-03-15,142.6437225341797,356.680419921875,285.49737548828125,42.47402572631836,0.0,0.0,0.0,0.0,827.2955436706543,356680419.921875,34.91182157728407,0.0,0.375,-0.9999999987912421
2023-03-16,133.15292358398438,345.769775390625,318.9907531738281,53.40922164916992,0.0,0.0,0.0,0.0,851.3226737976074,345769775.390625,32.48450597127279,0.0,0.375,-0.9999999988253573
2023-03-17,13.010082244873047,36.61629104614258,30.588300704956055,4.634017467498779,0.0,0.0,0.0,0.0,84.84869146347046,36616291.04614258,3.5535859531826444,0.0,0.375,-0.9999999882143146
2023-03-18,119.68799591064453,323.46484375,299.0420227050781,48.350807189941406,0.0,0.0,0.0,0.0,790.5456695556641,323464843.75,30.568226284450954,0.0,0.375,-0.999999998735051
2023-03-19,102.60250854492188,282.9441833496094,82.49971008300781,12.978422164916992,0.0,0.0,0.0,0.0,481.02482414245605,282944183.3496094,29.99619568718804,0.0,0.375,-0.9999999979211052
2023-03-20,21.799345016479492,60.25393295288086,126.75118255615234,20.287717819213867,0.0,0.0,0.0,0.0,229.09217834472656,126751182.55615234,11.82927385965983,0.0,0.25,-0.9999999956349448
2023-03-21,27.542261123657227,75.70883178710938,112.28510284423828,18.307233810424805,0.0,0.0,0.0,0.0,233.8434295654297,112285102.84423828,10.441985448201498,0.0,0.25,-0.9999999957236344
2023-03-22,14.153731346130371,38.666015625,32.44643783569336,5.395750045776367,0.0,0.0,0.0,0.0,90.6619348526001,38666015.625,3.6966961754692926,0.0,0.375,-0.9999999889700127
2023-03-23,46.04441452026367,125.36783599853516,32.55217742919922,5.502330303192139,0.0,0.0,0.0,0.0,209.46675825119019,125367835.99853516,13.31838952170478,0.0,0.375,-0.9999999952259728
2023-03-24,14.173471450805664,38.32539367675781,33.812042236328125,5.80571985244751,0.0,0.0,0.0,0.0,92.11662721633911,38325393.67675781,3.6132970915900335,0.0,0.375,-0.9999999891441967
2023-03-25,67.57445526123047,182.49313354492188,98.26119232177734,17.0999813079834,0.0,0.0,0.0,0.0,365.4287624359131,182493133.54492188,18.377016915215385,0.0,0.375,-0.9999999972634885
2023-03-26,165.91612243652344,381.6651611328125,329.3196105957031,64.87149047851562,0.0,0.0,0.0,0.0,941.7723846435547,381665161.1328125,35.19929673936632,0.0,0.375,-0.9999999989381723
2023-03-27,134.5299835205078,342.37469482421875,274.8007507324219,49.35126495361328,0.0,0.0,0.0,0.0,801.0566940307617,342374694.82421875,32.55815887451172,0.0,0.375,-0.9999999987516489
2023-03-28,158.87135314941406,373.6405944824219,345.7936706542969,75.57154083251953,0.0,0.0,0.0,0.0,953.8771591186523,373640594.4824219,33.11878373887804,0.0,0.375,-0.9999999989516469
2023-03-29,86.65194702148438,229.42367553710938,68.3620376586914,12.618412017822266,0.0,0.0,0.0,0.0,397.0560722351074,229423675.53710938,24.089473724365234,0.0,0.375,-0.9999999974814641
2023-03-30,61.68350601196289,162.57960510253906,126.75524139404297,23.64971351623535,0.0,0.0,0.0,0.0,374.6680660247803,162579605.10253906,15.436654620700413,0.0,0.375,-0.9999999973309709
2023-03-31,31.62395477294922,82.78067016601562,46.340091705322266,8.787518501281738,0.0,0.0,0.0,0.0,169.53223514556885,82780670.16601562,8.221461296081543,0.0,0.375,-0.9999999941014168
2023-04-01,167.65176391601562,384.438720703125,363.3670654296875,88.7026138305664,0.0,0.0,0.0,0.0,1004.1601638793945,384438720.703125,32.85956743028429,0.0,0.375,-0.9999999990041429
2023-04-02,181.080810546875,398.0809326171875,374.63116455078125,99.83425903320312,0.0,0.0,0.0,0.0,1053.6271667480469,398080932.6171875,33.138519287109375,0.0,0.375,-0.9999999990508975
2023-04-03,16.151256561279297,41.71554946899414,65.50503540039062,12.91073226928711,0.0,0.0,0.0,0.0,136.28257369995117,65505035.400390625,5.843811459011501,0.0,0.25,-0.9999999926623048
2023-04-04,111.34696960449219,284.61883544921875,226.40951538085938,45.014732360839844,0.0,0.0,0.0,0.0,667.3900527954102,284618835.44921875,26.62267812093099,0.0,0.375,-0.9999999985016259
2023-04-05,38.42665481567383,98.37590789794922,37.674442291259766,7.606900215148926,0.0,0.0,0.0,0.0,182.08390522003174,98375907.89794922,10.08544529808892,0.0,0.375,-0.9999999945080265
2023-04-06,53.15281677246094,135.55487060546875,35.68262481689453,7.287597179412842,0.0,0.0,0.0,0.0,231.67790937423706,135554870.60546875,14.251919269561768,0.0,0.375,-0.9999999956836627
2023-04-07,100.17913818359375,253.16311645507812,204.50872802734375,41.986385345458984,0.0,0.0,0.0,0.0,599.8373680114746,253163116.45507812,23.464081234402126,0.0,0.375,-0.9999999983328814
2023-04-08,191.00973510742188,406.27276611328125,317.95062255859375,68.79443359375,0.0,0.0,0.0,0.0,984.0275573730469,406272766.11328125,37.497592502170136,0.0,0.375,-0.9999999989837683
2023-04-09,171.34814453125,385.7350158691406,318.2766418457031,69.41835021972656,0.0,0.0,0.0,0.0,944.7781524658203,385735015.8691406,35.14629618326823,0.0,0.375,-0.9999999989415504
2023-04-10,203.01202392578125,418.141357421875,357.02862548828125,86.83489990234375,0.0,0.0,0.0,0.0,1065.0169067382812,418141357.421875,36.81182861328125,0.0,0.375,-0.9999999990610476
2023-04-11,49.48468017578125,123.27267456054688,108.54884338378906,23.315635681152344,0.0,0.0,0.0,0.0,304.62183380126953,123272674.56054688,11.10633765326606,0.0,0.375,-0.9999999967172413
2023-04-12,181.22860717773438,396.14215087890625,342.56170654296875,80.9820785522461,0.0,0.0,0.0,0.0,1000.9145431518555,396142150.87890625,35.01778581407335,0.0,0.375,-0.9999999990009137
2023-04-13,149.5632781982422,190.85922241210938,85.4117431640625,18.724628448486328,0.0,0.0,0.0,0.0,444.5588722229004,190859222.41210938,19.126065995958115,0.0,0.375,-0.9999999977505791
2023-04-14,65.81295776367188,161.8463592529297,188.24755859375,41.50652313232422,0.0,0.0,0.0,0.0,457.4133987426758,188247558.59375,16.304559495713974,0.0,0.375,-0.9999999978137938
2023-04-15,142.37811279296875,340.8920593261719,111.52763366699219,24.849504470825195,0.0,0.0,0.0,0.0,619.647310256958,340892059.3261719,35.11583942837186,0.0,0.375,-0.9999999983861787
2023-04-16,184.75433349609375,401.0487060546875,360.8685302734375,92.10902404785156,0.0,0.0,0.0,0.0,1038.7805938720703,401048706.0546875,34.32663133409288,0.0,0.375,-0.9999999990373327
2023-04-17,196.37939453125,411.5879211425781,363.86810302734375,94.57353973388672,0.0,0.0,0.0,0.0,1066.4089584350586,411587921.1425781,35.22382015652127,0.0,0.375,-0.9999999990622733
2023-04-18,172.1625518798828,387.0430603027344,311.45953369140625,72.29570770263672,0.0,0.0,0.0,0.0,942.9608535766602,387043060.3027344,34.97192806667752,0.0,0.375,-0.9999999989395106
2023-04-19,93.33705139160156,224.83676147460938,149.12559509277344,34.3173828125,0.0,0.0,0.0,0.0,501.6167907714844,224836761.47460938,21.168819851345486,0.0,0.375,-0.9999999980064463
2023-04-20,95.62799072265625,229.3759002685547,285.21905517578125,66.99213409423828,0.0,0.0,0.0,0.0,677.2150802612305,285219055.17578125,24.247435675726997,0.0,0.375,-0.9999999985233643
2023-04-21,35.78566360473633,85.2984619140625,349.60052490234375,88.11851501464844,0.0,0.0,0.0,0.0,558.803165435791,349600524.90234375,34.86831792195638,0.0,0.375,-0.9999999982104611
2023-04-22,58.85161209106445,139.8546905517578,268.7572021484375,63.4865608215332,0.0,0.0,0.0,0.0,530.950065612793,268757202.1484375,23.322843339708115,0.0,0.25,-0.9999999981165837
2023-04-23,27.420265197753906,64.83159637451172,38.92387390136719,9.26361083984375,0.0,0.0,0.0,0.0,140.43934631347656,64831596.37451172,6.174220614963108,0.0,0.375,-0.9999999928794884
2023-04-24,35.10097122192383,82.69718933105469,98.62379455566406,23.601417541503906,0.0,0.0,0.0,0.0,240.02337265014648,98623794.55566406,8.335819668240017,0.0,0.375,-0.9999999958337391
2023-04-25,71.46353149414062,168.18687438964844,59.46805191040039,14.332918167114258,0.0,0.0,0.0,0.0,313.4513759613037,168186874.38964844,17.09488402472602,0.0,0.375,-0.9999999968097125
2023-04-26,154.77078247070312,346.2917175292969,349.9147033691406,89.9680404663086,0.0,0.0,0.0,0.0,940.9452438354492,349914703.3691406,28.882962544759113,0.0,0.375,-0.9999999989372389
2023-04-27,219.4462890625,433.4842224121094,357.2287292480469,93.6270751953125,0.0,0.0,0.0,0.0,1103.7863159179688,433484222.4121094,37.76190524631076,0.0,0.375,-0.9999999990940275
2023-04-28,150.4307861328125,344.1832580566406,291.2913513183594,71.82677459716797,0.0,0.0,0.0,0.0,857.7321701049805,344183258.0566406,30.261831495496963,0.0,0.375,-0.9999999988341349
2023-04-29,51.99159240722656,120.66876220703125,97.50341033935547,24.076066970825195,0.0,0.0,0.0,0.0,294.2398319244385,120668762.20703125,10.732521692911783,0.0,0.375,-0.9999999966014119
2023-04-30,218.33155822753906,430.9488830566406,393.8138427734375,122.8427734375,0.0,0.0,0.0,0.0,1165.9370574951172,430948883.0566406,34.23401217990451,0.0,0.375,-0.9999999991423206
2023-05-01,247.8484344482422,456.59716796875,416.3241882324219,147.87637329101562,0.0,0.0,0.0,0.0,1268.6461639404297,456597167.96875,34.30231051974826,0.0,0.375,-0.9999999992117581
2023-05-02,247.51405334472656,456.59796142578125,376.08282470703125,108.53303527832031,0.0,0.0,0.0,0.0,1188.7278747558594,456597961.42578125,38.673880683051216,0.0,0.375,-0.9999999991587645
2023-05-03,92.7021713256836,212.85757446289062,132.13711547851562,33.62922286987305,0.0,0.0,0.0,0.0,471.3260841369629,212857574.46289062,19.914261288113064,0.0,0.375,-0.9999999978783266
2023-05-04,194.39801025390625,408.4104309082031,198.13851928710938,50.743080139160156,0.0,0.0,0.0,0.0,851.6900405883789,408410430.9082031,39.74081675211588,0.0,0.375,-0.9999999988258639
2023-05-05,81.47964477539062,186.0272216796875,41.06613540649414,10.6284818649292,0.0,0.0,0.0,0.0,319.20148372650146,186027221.6796875,19.488748868306477,0.0,0.375,-0.9999999968671826
2023-05-06,31.825756072998047,72.31806945800781,125.58868408203125,32.66550064086914,0.0,0.0,0.0,0.0,262.39801025390625,125588684.08203125,10.4181031121148,0.0,0.25,-0.9999999961889955
2023-05-07,72.86658477783203,165.4811248779297,179.38937377929688,46.86031723022461,0.0,0.0,0.0,0.0,464.5974006652832,179389373.77929688,14.725450727674696,0.0,0.375,-0.9999999978475989
2023-05-08,186.38314819335938,392.6973571777344,149.39892578125,39.26044464111328,0.0,0.0,0.0,0.0,767.739875793457,392697357.1777344,39.270768059624565,0.0,0.375,-0.9999999986974755
2023-05-09,261.59210205078125,467.4601135253906,391.53460693359375,123.85196685791016,0.0,0.0,0.0,0.0,1244.4387893676758,467460113.5253906,38.17868296305338,0.0,0.375,-0.9999999991964248
2023-05-10,126.90217590332031,284.7967834472656,40.90912628173828,10.932795524597168,0.0,0.0,0.0,0.0,463.5408811569214,284796783.4472656,30.429331991407608,0.0,0.25,-0.999999997842693
2023-05-11,44.505027770996094,99.63853454589844,119.39490509033203,32.047691345214844,0.0,0.0,0.0,0.0,295.5861587524414,119394905.09033203,9.705245971679688,0.0,0.375,-0.9999999966168917
2023-05-12,134.4559326171875,299.408935546875,281.81622314453125,76.06761932373047,0.0,0.0,0.0,0.0,791.7487106323242,299408935.546875,24.815701802571613,0.0,0.375,-0.999999998736973
2023-05-13,236.85733032226562,446.1466064453125,377.5994567871094,113.10270690917969,0.0,0.0,0.0,0.0,1173.7061004638672,446146606.4453125,37.00487772623698,0.0,0.375,-0.9999999991479979
2023-05-14,218.93844604492188,429.39630126953125,411.65374755859375,143.7325897216797,0.0,0.0,0.0,0.0,1203.7210845947266,429396301.26953125,31.74041239420573,0.0,0.375,-0.9999999991692426
2023-05-15,235.9066619873047,444.5937805175781,425.2018737792969,160.22947692871094,0.0,0.0,0.0,0.0,1265.9317932128906,444593780.5175781,31.596033732096355,0.0,0.5,-0.999999999210068
2023-05-16,152.762451171875,334.6580810546875,296.9957580566406,82.32209014892578,0.0,0.0,0.0,0.0,866.7383804321289,334658081.0546875,28.03733232286241,0.0,0.375,-0.9999999988462493
2023-05-17,30.629737854003906,67.41032409667969,41.799381256103516,11.620055198669434,0.0,0.0,0.0,0.0,151.45949840545654,67410324.09667969,6.198918766445583,0.0,0.375,-0.999999993397575
2023-05-18,40.16632843017578,88.21502685546875,54.633296966552734,15.258217811584473,0.0,0.0,0.0,0.0,198.27287006378174,88215026.85546875,8.106312115987143,0.0,0.375,-0.9999999949564456
2023-05-19,90.33221435546875,198.48367309570312,400.8077087402344,134.27938842773438,0.0,0.0,0.0,0.0,823.9029846191406,400807708.7402344,34.497277153862846,0.0,0.375,-0.9999999987862649
2023-05-20,125.65840911865234,274.9639892578125,46.946475982666016,13.2415771484375,0.0,0.0,0.0,0.0,460.81045150756836,274963989.2578125,29.08026801215278,0.0,0.25,-0.9999999978299103
2023-05-21,173.1919403076172,367.8403625488281,346.0401916503906,100.68380737304688,0.0,0.0,0.0,0.0,987.7563018798828,367840362.5488281,29.684061686197918,0.0,0.375,-0.9999999989876045
2023-05-22,49.48500061035156,107.74343872070312,100.55347442626953,28.59797477722168,0.0,0.0,0.0,0.0,286.3798885345459,107743438.72070312,8.793940438164604,0.0,0.375,-0.9999999965081348
2023-05-23,263.8572998046875,466.47161865234375,364.6487731933594,109.89080047607422,0.0,0.0,0.0,0.0,1204.8684921264648,466471618.65234375,39.620090908474396,0.0,0.375,-0.9999999991700338
2023-05-24,35.03596496582031,75.96260070800781,42.83811569213867,12.299099922180176,0.0,0.0,0.0,0.0,166.13578128814697,75962600.70800781,7.073722309536404,0.0,0.375,-0.9999999939808271
2023-05-25,228.90692138671875,438.0107727050781,424.5038146972656,161.0736541748047,0.0,0.0,0.0,0.0,1252.4951629638672,438010772.7050781,30.77079094780816,0.0,0.5,-0.9999999992015937
2023-05-26,22.872459411621094,49.36628723144531,229.98826599121094,66.27336120605469,0.0,0.0,0.0,0.0,368.50037384033203,229988265.99121094,23.012867397732204,0.0,0.375,-0.9999999972862985
2023-05-27,170.67056274414062,361.3707275390625,223.08389282226562,64.531982421875,0.0,0.0,0.0,0.0,819.6571655273438,361370727.5390625,32.982082790798614,0.0,0.375,-0.9999999987799777
2023-05-28,274.2421875,473.11968994140625,426.22869873046875,165.1444549560547,0.0,0.0,0.0,0.0,1338.7350311279297,473119689.94140625,34.21947055392795,0.0,0.375,-0.9999999992530261
2023-05-29,233.0682830810547,440.755615234375,386.3938903808594,123.8753433227539,0.0,0.0,0.0,0.0,1184.093132019043,440755615.234375,35.20891910129123,0.0,0.375,-0.9999999991554718
2023-05-30,107.04609680175781,230.20877075195312,312.77069091796875,92.31475067138672,0.0,0.0,0.0,0.0,742.3403091430664,312770690.91796875,24.49510447184245,0.0,0.375,-0.9999999986529089
2023-05-31,112.5357437133789,241.713134765625,43.29140090942383,12.744412422180176,0.0,0.0,0.0,0.0,410.2846918106079,241713134.765625,25.44096914927165,0.0,0.25,-0.999999997562668
2023-06-01,143.5327606201172,304.9538879394531,128.67544555664062,37.92080307006836,0.0,0.0,0.0,0.0,615.0828971862793,304953887.9394531,29.670342763264973,0.0,0.375,-0.9999999983742028
2023-06-02,158.4907989501953,333.50489807128906,241.445068359375,73.25760459899902,0.0,0.0,0.0,0.0,806.6983699798584,333504898.07128906,28.91636594136556,0.0,0.375,-0.9999999986862569
2023-06-03,173.44883728027344,362.055908203125,354.2146911621094,108.59440612792969,0.0,0.0,0.0,0.0,998.3138427734375,362055908.203125,28.162389119466145,0.0,0.375,-0.999999998998311
2023-06-04,109.36125946044922,233.65472412109375,244.18348693847656,72.49824523925781,0.0,0.0,0.0,0.0,659.6977157592773,244183486.93847656,19.07613796657986,0.0,0.375,-0.9999999984841542
2023-06-05,31.85692024230957,67.82546997070312,63.74430465698242,19.005435943603516,0.0,0.0,0.0,0.0,182.43213081359863,67825469.97070312,5.42444822523329,0.0,0.375,-0.9999999945185095
2023-06-06,126.34781646728516,269.3313903808594,186.4444122314453,55.529930114746094,0.0,0.0,0.0,0.0,637.6535491943359,269331390.3808594,23.75571780734592,0.0,0.375,-0.9999999984317502
2023-06-07,188.37387084960938,386.67767333984375,115.93638610839844,34.674591064453125,0.0,0.0,0.0,0.0016411414835602045,725.6641625037882,386677673.33984375,39.11145358615451,0.00018234905372891162,0.375,-0.9999954754786963
2023-06-08,235.91900634765625,441.4773864746094,408.6229248046875,145.98780822753906,0.0,0.0,0.0,0.13560751080513,1232.1427333652973,441477386.4746094,32.83217536078559,0.01506750120057,0.375,-0.9997798826271941
2023-06-09,274.7803649902344,472.54620361328125,420.7626953125,159.6588592529297,0.0,0.0,0.0,0.3922222852706909,1328.140345454216,472546203.61328125,34.765260484483505,0.04358025391896566,0.375,-0.9994093654540082
2023-06-10,233.40975952148438,439.1954040527344,401.3855285644531,139.58741760253906,0.0,0.0,0.0,0.4968101680278778,1214.0749199092388,439195404.0527344,33.28977627224393,0.05520112978087531,0.375,-0.9991815815326193
2023-06-11,121.32376861572266,256.9263000488281,310.76727294921875,94.15959930419922,0.0,0.0,0.0,0.4473080337047577,783.6242489516735,310767272.94921875,24.06751929389106,0.049700892633861966,0.375,-0.9988583596443517
2023-06-12,194.58160400390625,394.5113525390625,374.26873779296875,120.08312225341797,0.0,0.0,0.0,0.6936487555503845,1084.1384653449059,394511352.5390625,30.49202558729384,0.07707208395004272,0.375,-0.9987203677812687
2023-06-13,135.0211944580078,285.6473388671875,98.3305435180664,29.69744300842285,0.0,0.0,0.0,0.19601748883724213,548.8925373405218,285647338.8671875,28.438877317640518,0.02177972098191579,0.375,-0.9992857691619206
2023-06-14,210.40155029296875,415.5987854003906,308.5332946777344,93.76264190673828,0.0,0.0,0.0,0.7092715501785278,1029.0055438280106,415598785.4003906,35.75957149929471,0.07880795001983643,0.375,-0.9986214417332472
2023-06-15,192.2593994140625,391.0290222167969,249.02577209472656,75.18634033203125,0.0,0.0,0.0,0.6189871430397034,908.1195212006569,391029022.2167969,35.09363132052951,0.06877634922663371,0.375,-0.998636770539764
2023-06-16,103.1722640991211,218.4275360107422,98.3237533569336,29.78126335144043,0.0,0.0,0.0,0.25908076763153076,449.96389758586884,218427536.0107422,20.960696962144638,0.028786751959058974,0.375,-0.9988484353147186
2023-06-17,83.54549407958984,176.69393920898438,47.354129791259766,14.36605167388916,0.0,0.0,0.0,0.12996608018875122,322.0895808339119,176693939.20898438,18.036431948343914,0.014440675576527914,0.375,-0.9991929786772441
2023-06-18,23.526355743408203,49.63911819458008,44.05997848510742,13.374302864074707,0.0,0.0,0.0,0.1265661120414734,130.72632139921188,49639118.19458008,4.029423925611708,0.014062901337941488,0.375,-0.9980636399813198
2023-06-19,39.87989044189453,84.17671966552734,43.35690689086914,13.166149139404297,0.0,0.0,0.0,0.1282682567834854,180.7079343944788,84176719.66552734,7.8900633917914496,0.01425202853149838,0.375,-0.9985803749403315
2023-06-20,136.6946258544922,288.2605285644531,151.0748748779297,45.75958251953125,0.0,0.0,0.0,0.4634677767753601,622.2530795931816,288260528.5644531,26.944549560546875,0.051496419641706676,0.375,-0.9985103544161371
2023-06-21,228.1269073486328,433.7320556640625,285.0757751464844,86.58889770507812,0.0,0.0,0.0,0.8957824110984802,1034.4194182753563,433732055.6640625,38.57146199544271,0.09953137901094225,0.375,-0.9982680469944656
2023-06-22,136.13136291503906,286.4863586425781,81.24565887451172,24.65411949157715,0.0,0.0,0.0,0.24957044422626495,528.7670703679323,286486358.6425781,29.092471016777885,0.027730049358473882,0.375,-0.9990560269058335
2023-06-23,203.91172790527344,407.1681213378906,114.0771484375,34.5916748046875,0.0,0.0,0.0,0.34878918528556824,760.0974616706371,407168121.3378906,41.39738294813368,0.03875435392061869,0.375,-0.9990822500997173
2023-06-24,77.1826400756836,163.1328125,42.789119720458984,12.991068840026855,0.0,0.0,0.0,0.12586382031440735,296.22150495648384,163132812.5,16.68241596221924,0.013984868923823038,0.375,-0.9991502013339106
2023-06-25,23.600269317626953,49.803253173828125,149.88470458984375,45.36549377441406,0.0,0.0,0.0,0.42900851368904114,269.08272936940193,149884704.58984375,14.0316039191352,0.047667612632115684,0.375,-0.996811322576517
2023-06-26,23.380142211914062,49.35479736328125,377.9184265136719,122.54024505615234,0.0,0.0,0.0,1.1205010414123535,574.3141121864319,377918426.5136719,39.39314270019531,0.12450011571248372,0.25,-0.9960979487855678
2023-06-27,232.82614135742188,438.0491638183594,52.05865478515625,15.773675918579102,0.0,0.0,0.0,0.13277006149291992,738.8404059410095,438049163.8183594,46.91949865553114,0.01475222905476888,0.25,-0.9996405974544824
2023-06-28,183.7662353515625,377.7776794433594,416.873046875,155.91024780273438,0.0,0.0,0.0,1.2783231735229492,1135.6055326461792,416873046.875,28.995866563585068,0.14203590816921657,0.5,-0.9977486483895185
2023-06-29,235.62400817871094,440.4883728027344,316.8183898925781,96.77861785888672,0.0,0.0,0.0,0.688704788684845,1090.398093521595,440488372.8027344,38.18997277153863,0.0765227542983161,0.375,-0.9987367819291961
2023-06-30,56.288352966308594,119.14190673828125,43.49332809448242,13.142000198364258,0.0,0.0,0.0,0.08001791685819626,232.14560591429472,119141906.73828125,11.77776739332411,0.008890879650910696,0.375,-0.9993106187282903
2023-07-01,180.2288818359375,372.33734130859375,378.02227783203125,122.50969696044922,0.0,0.0,0.0,0.6417236924171448,1053.7399216294289,378022277.83203125,28.390286763509113,0.07130263249079387,0.375,-0.9987820064920462
2023-07-02,187.92526245117188,384.34368896484375,69.41096496582031,20.90529441833496,0.0,0.0,0.0,0.08561216294765472,662.6708229631186,384343688.96484375,40.38204383850098,0.009512462549739413,0.25,-0.9997416133022557
2023-07-03,127.92839050292969,271.80865478515625,300.5496520996094,90.5847396850586,0.0,0.0,0.0,0.26602497696876526,791.1374620497227,300549652.0996094,23.329434712727863,0.02955833077430725,0.375,-0.9993274860832825
2023-07-04,155.87889099121094,328.618408203125,342.9295654296875,105.43229675292969,0.0,0.0,0.0,0.16940389573574066,933.0285652726889,342929565.4296875,26.388585408528645,0.018822655081748962,0.375,-0.9996368720061541
2023-07-05,180.9548797607422,374.505615234375,413.12725830078125,150.52796936035156,0.0,0.0,0.0,0.052478495985269547,1119.1682011522353,413127258.30078125,29.177698771158855,0.0058309439983632826,0.5,-0.9999062178573616
2023-07-06,70.49214172363281,149.9828643798828,317.5491638183594,96.29218292236328,0.0,0.0,0.0,0.0,634.3163528442383,317549163.8183594,27.450780232747395,0.0,0.375,-0.9999999984234996
2023-07-07,66.05291748046875,140.662109375,222.44354248046875,66.15348815917969,0.0,0.0,0.0,0.0,495.3120574951172,222443542.48046875,17.37673611111111,0.0,0.5,-0.9999999979810708
2023-07-08,22.887218475341797,48.72278594970703,42.401214599609375,12.632712364196777,0.0,0.0,0.0,0.0,126.64393138885498,48722785.94970703,4.010008176167806,0.0,0.375,-0.9999999921038459
2023-07-09,80.09983825683594,171.07769775390625,161.8316650390625,47.95016860961914,0.0,0.0,0.0,0.0,460.9593696594238,171077697.75390625,13.680836571587456,0.0,0.375,-0.9999999978306114
2023-07-10,22.985668182373047,49.05231857299805,317.6502990722656,95.60749053955078,0.0,0.0,0.0,0.0,485.2957763671875,317650299.0722656,32.740514543321396,0.0,0.25,-0.999999997939401
2023-07-11,165.54733276367188,348.045166015625,340.8739929199219,102.82213592529297,0.0,0.0,0.0,0.0,957.2886276245117,348045166.015625,27.247003343370224,0.0,0.375,-0.9999999989553829
2023-07-12,222.2544403076172,429.73028564453125,409.92449951171875,146.3012237548828,0.0,0.0,0.0,0.0,1208.21044921875,429730285.64453125,31.492117987738716,0.0,0.375,-0.9999999991723295
2023-07-13,64.47587585449219,138.31866455078125,138.2403564453125,40.53961181640625,0.0,0.0,0.0,0.0,381.5745086669922,138318664.55078125,10.864339192708334,0.0,0.375,-0.9999999973792799
2023-07-14,190.01243591308594,389.6453857421875,290.51177978515625,85.36412811279297,0.0,0.0,0.0,0.0,955.5337295532227,389645385.7421875,33.80902862548828,0.0,0.375,-0.9999999989534645
2023-07-15,67.76551055908203,145.8753204345703,223.2383575439453,64.90404510498047,0.0,0.0,0.0,0.0,501.7832336425781,223238357.5439453,17.592701382107204,0.0,0.5,-0.9999999980071076
2023-07-16,114.71858215332031,247.61904907226562,274.6570129394531,80.10997009277344,0.0,0.0,0.0,0.0,717.1046142578125,274657012.9394531,21.61633809407552,0.0,0.375,-0.9999999986055034
2023-07-17,154.72793579101562,330.8924255371094,142.40151977539062,41.184146881103516,0.0,0.0,0.0,0.0,669.2060279846191,330892425.5371094,32.189808739556206,0.0,0.375,-0.9999999985056919
2023-07-18,224.00144958496094,432.37060546875,386.765380859375,124.14075469970703,0.0,0.0,0.0,0.0,1167.278190612793,432370605.46875,34.24776119656033,0.0,0.375,-0.9999999991433061
2023-07-19,137.19679260253906,296.53900146484375,42.32784652709961,12.182072639465332,0.0,0.0,0.0,0.0,488.24571323394775,296539001.46484375,31.595214313930935,0.0,0.25,-0.9999999979518509
2023-07-20,118.65111541748047,258.106201171875,198.8809814453125,56.770545959472656,0.0,0.0,0.0,0.0,632.4088439941406,258106201.171875,22.370628356933594,0.0,0.375,-0.9999999984187444
2023-07-21,112.89138793945312,246.03973388671875,354.3512268066406,104.91793060302734,0.0,0.0,0.0,0.0,818.2002792358398,354351226.8066406,27.714810689290363,0.0,0.5,-0.9999999987778053
2023-07-22,88.66694641113281,193.52882385253906,154.1562042236328,43.67106246948242,0.0,0.0,0.0,0.0,480.0230369567871,193528823.85253906,16.650862375895183,0.0,0.375,-0.9999999979167666
2023-07-23,231.00616455078125,440.1984558105469,397.94964599609375,132.13751220703125,0.0,0.0,0.0,0.0,1201.2917785644531,440198455.8105469,34.22899373372396,0.0,0.375,-0.9999999991675627
2023-07-24,251.55369567871094,457.54791259765625,404.25958251953125,135.77899169921875,0.0,0.0,0.0,0.0,1249.1401824951172,457547912.59765625,35.752102322048614,0.0,0.375,-0.9999999991994493
2023-07-25,219.3131866455078,429.9327392578125,382.691162109375,117.8093032836914,0.0,0.0,0.0,0.0,1149.7463912963867,429932739.2578125,34.680381774902344,0.0,0.375,-0.9999999991302428
2023-07-26,69.21565246582031,152.32725524902344,371.6832580566406,113.9843978881836,0.0,0.0,0.0,0.0,707.210563659668,371683258.0566406,33.60751173231337,0.0,0.375,-0.999999998585994
2023-07-27,191.81472778320312,398.6169738769531,233.39967346191406,64.46659851074219,0.0,0.0,0.0,0.0,888.2979736328125,398616973.8769531,37.12781948513455,0.0,0.375,-0.9999999988742516
2023-07-28,139.18133544921875,305.6602478027344,96.94513702392578,26.705215454101562,0.0,0.0,0.0,0.0,568.4919357299805,305660247.8027344,30.995003594292534,0.0,0.375,-0.9999999982409601
2023-07-29,62.55889892578125,138.72811889648438,97.67562866210938,26.751956939697266,0.0,0.0,0.0,0.0,325.71460342407227,138728118.89648438,12.441795772976345,0.0,0.375,-0.9999999969298276
2023-07-30,177.2448272705078,194.34561157226562,270.7041320800781,73.79747772216797,0.0,0.0,0.0,0.0,716.0920486450195,270704132.0800781,21.878517150878906,0.0,0.375,-0.9999999986035315
2023-07-31,220.7366180419922,433.8145446777344,386.05743408203125,117.74263000488281,0.0,0.0,0.0,0.0,1158.3512268066406,433814544.6777344,35.11910163031684,0.0,0.375,-0.9999999991367039
2023-08-01,222.81591796875,435.792236328125,163.60183715820312,43.98405456542969,0.0,0.0,0.0,0.0,866.1940460205078,435792236.328125,43.534242418077255,0.0,0.375,-0.9999999988455243
2023-08-02,212.38629150390625,427.327392578125,391.34600830078125,121.25555419921875,0.0,0.0,0.0,0.0,1152.3152465820312,427327392.578125,34.00798204210069,0.0,0.375,-0.9999999991321818
2023-08-03,203.69058227539062,418.62872314453125,353.2342224121094,115.65264129638672,0.0,0.0,0.0,0.0,1091.206169128418,418628723.14453125,33.66400909423828,0.0,0.375,-0.9999999990835828
2023-08-04,146.8864288330078,324.0000305175781,277.60693359375,74.71121978759766,0.0,0.0,0.0,0.0,823.2046127319336,324000030.5175781,27.698756747775608,0.0,0.375,-0.9999999987852352
2023-08-05,204.4095458984375,419.74761962890625,357.3316650390625,100.41119384765625,0.0,0.0,0.0,0.0,1081.9000244140625,419747619.62890625,35.48182508680556,0.0,0.375,-0.9999999990757
2023-08-06,210.93118286132812,426.7634582519531,351.3308410644531,95.38494110107422,0.0,0.0,0.0,0.0,1084.4104232788086,426763458.2519531,36.81983523898654,0.0,0.375,-0.9999999990778399
2023-08-07,148.09805297851562,334.31982421875,238.05307006835938,62.16282653808594,0.0,0.0,0.0,0.0,782.6337738037109,334319824.21875,30.239666408962673,0.0,0.375,-0.9999999987222632
2023-08-08,145.1446990966797,325.3432922363281,377.0351257324219,108.2027359008789,0.0,0.0,0.0,0.0,955.7258529663086,377035125.7324219,29.870265536838108,0.0,0.375,-0.9999999989536749
2023-08-09,212.1010284423828,427.8437194824219,373.8456726074219,105.76113891601562,0.0,0.0,0.0,0.0,1119.5515594482422,427843719.4824219,35.786953396267364,0.0,0.375,-0.9999999991067852
2023-08-10,183.3821563720703,394.8186950683594,352.72430419921875,95.26518249511719,0.0,0.0,0.0,0.0,1026.1903381347656,394818695.0683594,33.28372361924913,0.0,0.375,-0.9999999990255218
2023-08-11,210.34458923339844,405.7027893066406,407.9805908203125,137.43792724609375,0.0,0.0,0.0,0.0,1161.4658966064453,407980590.8203125,30.06029595269097,0.0,0.375,-0.9999999991390189
2023-08-12,218.71742248535156,433.2312927246094,398.740966796875,126.08174896240234,0.0,0.0,0.0,0.0,1176.7714309692383,433231292.7246094,34.12772708468967,0.0,0.375,-0.9999999991502172
2023-08-13,235.9427032470703,447.1587829589844,382.466552734375,111.59741973876953,0.0,0.0,0.0,0.0,1177.1654586791992,447158782.9589844,37.28459591335721,0.0,0.375,-0.9999999991505016
2023-08-14,115.36149597167969,268.0635070800781,329.7410583496094,84.13703918457031,0.0,0.0,0.0,0.0,797.3031005859375,329741058.3496094,27.28933546278212,0.0,0.375,-0.9999999987457718
2023-08-15,118.77725219726562,276.0992736816406,85.6407470703125,20.979793548583984,0.0,0.0,0.0,0.0,501.49706649780273,276099273.6816406,28.34660890367296,0.0,0.375,-0.9999999980059704
2023-08-16,202.0346221923828,418.103271484375,333.89849853515625,84.9773178100586,0.0,0.0,0.0,0.0,1039.0137100219727,418103271.484375,37.01399485270182,0.0,0.375,-0.9999999990375487
2023-08-17,138.95431518554688,319.27386474609375,39.51876449584961,9.566649436950684,0.0,0.0,0.0,0.0,507.3135938644409,319273864.74609375,34.41191281212701,0.0,0.25,-0.9999999980288327
2023-08-18,146.50872802734375,337.7633056640625,305.5159912109375,78.33674621582031,0.0,0.0,0.0,0.0,868.1247711181641,337763305.6640625,28.82517327202691,0.0,0.375,-0.9999999988480919
2023-08-19,196.22366333007812,412.7152404785156,343.2384033203125,86.36102294921875,0.0,0.0,0.0,0.0,1038.538330078125,412715240.4785156,36.26157972547743,0.0,0.375,-0.9999999990371081
2023-08-20,230.81626892089844,441.7949523925781,362.03729248046875,94.28728485107422,0.0,0.0,0.0,0.0,1128.9357986450195,441794952.3925781,38.6119630601671,0.0,0.375,-0.9999999991142099
2023-08-21,204.58660888671875,420.5141296386719,369.8696594238281,98.95016479492188,0.0,0.0,0.0,0.0,1093.9205627441406,420514129.6386719,35.729329427083336,0.0,0.375,-0.9999999990858568
2023-08-22,173.38339233398438,387.8982238769531,86.05155944824219,20.067251205444336,0.0,0.0,0.0,0.0,667.400426864624,387898223.8769531,40.87010807461209,0.0,0.375,-0.9999999985016491
2023-08-23,115.02146911621094,282.34954833984375,126.96788024902344,29.364721298217773,0.0,0.0,0.0,0.0,553.7036190032959,282349548.33984375,28.109425226847332,0.0,0.375,-0.9999999981939797
2023-08-24,186.06068420410156,403.6292419433594,364.48016357421875,94.3755874633789,0.0,0.0,0.0,0.0,1048.5456771850586,403629241.9433594,34.361517164442276,0.0,0.375,-0.999999999046298
2023-08-25,156.0289764404297,363.9071960449219,282.614501953125,64.82730865478516,0.0,0.0,0.0,0.0,867.3779830932617,363907196.0449219,33.23109859890408,0.0,0.375,-0.9999999988471001
2023-08-26,178.79661560058594,396.1346130371094,340.69183349609375,81.1348648071289,0.0,0.0,0.0,0.0,996.757926940918,396134613.0371094,34.99997202555338,0.0,0.375,-0.9999999989967474
2023-08-27,150.68572998046875,354.6786804199219,318.32110595703125,73.07340240478516,0.0,0.0,0.0,0.0,896.758918762207,354678680.4199219,31.28947533501519,0.0,0.375,-0.9999999988848731
2023-08-28,90.54878234863281,222.3113555908203,37.1121940612793,8.253305435180664,0.0,0.0,0.0,0.0,358.2256374359131,222311355.5908203,23.78422779507107,0.0,0.25,-0.9999999972084633
2023-08-29,53.6811637878418,132.211669921875,39.95014190673828,8.803842544555664,0.0,0.0,0.0,0.0,234.64681816101074,132211669.921875,13.711980819702148,0.0,0.375,-0.9999999957382759
2023-08-30,17.54461669921875,43.33710861206055,41.46685791015625,9.052985191345215,0.0,0.0,0.0,0.0,111.40156841278076,43337108.61206055,3.809347046746148,0.0,0.375,-0.9999999910234658
2023-08-31,97.22661590576172,242.0644073486328,80.54364013671875,17.406076431274414,0.0,0.0,0.0,0.0,437.2407398223877,242064407.3486328,24.96203676859538,0.0,0.375,-0.9999999977129305
2023-09-01,196.1290283203125,410.9317321777344,359.0027770996094,88.52580261230469,0.0,0.0,0.0,0.0,1054.589340209961,410931732.1777344,35.82288106282552,0.0,0.375,-0.9999999990517635
2023-09-02,183.960205078125,401.3514709472656,366.7320861816406,93.01782989501953,0.0,0.0,0.0,0.0,1045.0615921020508,401351470.9472656,34.259293450249565,0.0,0.375,-0.9999999990431185
2023-09-03,109.9349365234375,276.06317138671875,331.71881103515625,75.84893035888672,0.0,0.0,0.0,0.0,793.5658493041992,331718811.03515625,28.429986741807724,0.0,0.375,-0.9999999987398651
2023-09-04,158.6774139404297,374.52886962890625,338.386962890625,77.74311828613281,0.0,0.0,0.0,0.0,949.3363647460938,374528869.62890625,32.976194593641495,0.0,0.375,-0.9999999989466326
2023-09-05,42.339439392089844,107.58041381835938,181.3987579345703,37.113502502441406,0.0,0.0,0.0,0.0,368.43211364746094,181398757.9345703,16.031695048014324,0.0,0.25,-0.9999999972857958
2023-09-06,176.5200958251953,394.96435546875,305.17181396484375,63.50259780883789,0.0,0.0,0.0,0.0,940.158863067627,394964355.46875,36.82908418443468,0.0,0.375,-0.9999999989363499
2023-09-07,167.37088012695312,385.40576171875,336.7561340332031,73.42716217041016,0.0,0.0,0.0,0.0,962.9599380493164,385405761.71875,34.66428883870443,0.0,0.375,-0.9999999989615352
2023-09-08,206.7984619140625,421.524658203125,367.74310302734375,92.931640625,0.0,0.0,0.0,0.0,1088.9978637695312,421524658.203125,36.510335286458336,0.0,0.375,-0.9999999990817244
2023-09-09,179.44625854492188,398.2478942871094,362.2127990722656,87.22640991210938,0.0,0.0,0.0,0.0,1027.1333618164062,398247894.2871094,34.557942708333336,0.0,0.375,-0.9999999990264165
2023-09-10,177.0277099609375,395.87188720703125,346.38330078125,75.8330307006836,0.0,0.0,0.0,0.0,995.1159286499023,395871887.20703125,35.55987294514974,0.0,0.375,-0.999999998995092
2023-09-11,111.96426391601562,290.65374755859375,249.85943603515625,47.60337448120117,0.0,0.0,0.0,0.0,700.0808219909668,290653747.55859375,27.005597008599175,0.0,0.375,-0.9999999985715935
2023-09-12,62.6461067199707,164.6004180908203,143.49774169921875,26.943204879760742,0.0,0.0,0.0,0.0,397.6874713897705,164600418.0908203,15.295245912339952,0.0,0.375,-0.9999999974854626
2023-09-13,15.767426490783691,41.496925354003906,35.6168327331543,6.621157646179199,0.0,0.0,0.0,0.0,99.5023422241211,41496925.354003906,3.875085300869412,0.0,0.375,-0.9999999899499854
2023-09-14,71.73500061035156,190.30003356933594,33.62168884277344,6.166883945465088,0.0,0.0,0.0,0.0,301.823606967926,190300033.56933594,20.45923884709676,0.0,0.25,-0.9999999966868066
2023-09-15,31.90172004699707,84.8120346069336,78.33366394042969,14.144269943237305,0.0,0.0,0.0,0.0,209.19168853759766,84812034.6069336,7.85197385152181,0.0,0.375,-0.9999999952196954
2023-09-16,18.087247848510742,48.27436447143555,295.9379577636719,53.84254837036133,0.0,0.0,0.0,0.0,416.1421184539795,295937957.7636719,30.87230110168457,0.0,0.25,-0.9999999975969748
2023-09-17,146.93296813964844,362.6334533691406,347.9648742675781,74.95443725585938,0.0,0.0,0.0,0.0,932.4857330322266,362633453.3691406,31.964335123697918,0.0,0.375,-0.9999999989275975
2023-09-18,185.34603881835938,399.8577880859375,348.6144104003906,75.14093017578125,0.0,0.0,0.0,0.0,1008.9591674804688,399857788.0859375,36.07965087890625,0.0,0.375,-0.9999999990088796
2023-09-19,98.5149917602539,266.8572998046875,339.7222900390625,70.89326477050781,0.0,0.0,0.0,0.0,775.9878463745117,339722290.0390625,29.869891696506077,0.0,0.375,-0.9999999987113201
2023-09-20,48.35064697265625,131.99990844726562,47.49155807495117,7.946943283081055,0.0,0.0,0.0,0.0,235.7890567779541,131999908.44726562,13.783662796020508,0.0,0.375,-0.9999999957589211
2023-09-21,41.216949462890625,113.0679702758789,32.524024963378906,5.357578754425049,0.0,0.0,0.0,0.0,192.1665234565735,113067970.2758789,11.96782128016154,0.0,0.375,-0.9999999947961801
2023-09-22,17.679481506347656,48.70820999145508,49.78167724609375,8.051952362060547,0.0,0.0,0.0,0.0,124.22132110595703,49781677.24609375,4.636636098225911,0.0,0.375,-0.9999999919498522
2023-09-23,13.586565971374512,37.64382553100586,31.523069381713867,5.012918949127197,0.0,0.0,0.0,0.0,87.76637983322144,37643825.53100586,3.6256562868754068,0.0,0.375,-0.9999999886061156
2023-09-24,20.107202529907227,56.06669235229492,109.79438018798828,17.09067726135254,0.0,0.0,0.0,0.0,203.05895233154297,109794380.18798828,10.30041143629286,0.0,0.25,-0.9999999950753218
2023-09-25,82.46939086914062,231.8390350341797,249.21035766601562,38.118377685546875,0.0,0.0,0.0,0.0,601.6371612548828,249210357.66601562,23.454664442274307,0.0,0.375,-0.9999999983378687
2023-09-26,86.78081512451172,245.3653564453125,190.28521728515625,28.387939453125,0.0,0.0,0.0,0.0,550.8193283081055,245365356.4453125,24.108601888020832,0.0,0.375,-0.9999999981845227
2023-09-27,110.88785552978516,308.2181091308594,223.1146240234375,32.63007354736328,0.0,0.0,0.0,0.0,674.8506622314453,308218109.1308594,30.620892842610676,0.0,0.375,-0.9999999985181907
2023-09-28,64.80472564697266,185.87538146972656,180.3440704345703,25.784648895263672,0.0,0.0,0.0,0.0,456.8088264465332,185875381.46972656,17.787859174940323,0.0,0.375,-0.9999999978109004
2023-09-29,110.63273620605469,310.370849609375,271.3212585449219,39.16318130493164,0.0,0.0,0.0,0.0,731.4880256652832,310370849.609375,30.134185367160374,0.0,0.375,-0.9999999986329237
2023-09-30,27.691598892211914,80.32591247558594,35.443355560302734,4.867912769317627,0.0,0.0,0.0,0.0,148.3287796974182,80325912.47558594,8.384222189585367,0.0,0.375,-0.9999999932582201
2023-10-01,108.87217712402344,308.72674560546875,218.45596313476562,29.320398330688477,0.0,0.0,0.0,0.0,665.3752841949463,308726745.60546875,31.045149697197807,0.0,0.375,-0.9999999984970888
2023-10-02,55.44411087036133,163.4668731689453,149.91249084472656,19.495235443115234,0.0,0.0,0.0,0.0,388.31871032714844,163466873.1689453,15.996848636203342,0.0,0.375,-0.9999999974247957
2023-10-03,30.274593353271484,89.77133178710938,29.00250816345215,3.7048776149749756,0.0,0.0,0.0,0.0,152.75331091880798,89771331.78710938,9.562939352459377,0.0,0.375,-0.9999999934534971
2023-10-04,54.0836296081543,161.93418884277344,310.7184753417969,48.4398193359375,0.0,0.0,0.0,0.0,575.1761131286621,310718475.3417969,29.142072889539932,0.0,0.25,-0.9999999982614021
2023-10-05,127.27462005615234,339.9481506347656,314.935791015625,48.58938217163086,0.0,0.0,0.0,0.0,830.7479438781738,339948150.6347656,32.37319649590386,0.0,0.375,-0.9999999987962654
2023-10-06,42.522891998291016,129.20608520507812,116.31159210205078,14.170037269592285,0.0,0.0,0.0,0.0,302.2106065750122,129206085.20507812,12.781783103942871,0.0,0.375,-0.9999999966910493
2023-10-07,20.92619514465332,63.936466217041016,28.710386276245117,3.4489877223968506,0.0,0.0,0.0,0.0,117.0220353603363,63936466.217041016,6.720830943849352,0.0,0.375,-0.999999991454601
2023-10-08,102.07984924316406,304.64947509765625,173.7622833251953,20.511703491210938,0.0,0.0,0.0,0.0,601.0033111572266,304649475.09765625,31.570863511827255,0.0,0.375,-0.9999999983361156
2023-10-09,23.091527938842773,71.6526107788086,90.53311920166016,10.545605659484863,0.0,0.0,0.0,0.0,195.8228635787964,90533119.20166016,8.887501504686144,0.0,0.25,-0.999999994893344
2023-10-10,21.401872634887695,66.94406127929688,79.61927795410156,9.128042221069336,0.0,0.0,0.0,0.0,177.09325408935547,79619277.95410156,7.832359525892469,0.0,0.25,-0.9999999943532576
2023-10-11,105.75112915039062,309.3798828125,276.0946350097656,33.12318420410156,0.0,0.0,0.0,0.0,724.3488311767578,309379882.8125,30.695188734266495,0.0,0.375,-0.9999999986194497
2023-10-12,135.82965087890625,346.0531921386719,287.0421447753906,34.90357971191406,0.0,0.0,0.0,0.0,803.8285675048828,346053192.1386719,34.57217915852865,0.0,0.375,-0.9999999987559537
2023-10-13,44.422340393066406,142.7548828125,26.552019119262695,2.8913300037384033,0.0,0.0,0.0,0.0,216.6205723285675,142754882.8125,15.540394756529066,0.0,0.25,-0.9999999953836333
2023-10-14,73.9510726928711,239.0343475341797,194.52415466308594,20.794824600219727,0.0,0.0,0.0,0.0,528.3043994903564,239034347.5341797,24.248835881551106,0.0,0.375,-0.9999999981071519
2023-10-15,108.23933410644531,314.5920104980469,237.27615356445312,24.909080505371094,0.0,0.0,0.0,0.0,685.0165786743164,314592010.4980469,32.18699222140842,0.0,0.375,-0.9999999985401813
2023-10-16,117.27478790283203,324.88494873046875,258.27032470703125,27.389814376831055,0.0,0.0,0.0,0.0,727.8198757171631,324884948.73046875,33.05501492818197,0.0,0.375,-0.9999999986260337
2023-10-17,91.86503601074219,288.530029296875,236.65980529785156,23.987903594970703,0.0,0.0,0.0,0.0,641.0427742004395,288530029.296875,29.39356952243381,0.0,0.375,-0.9999999984400417
2023-10-18,100.55268859863281,303.74609375,273.06317138671875,29.988435745239258,0.0,0.0,0.0,0.0,707.3503894805908,303746093.75,30.417517556084526,0.0,0.375,-0.9999999985862735
2023-10-19,101.7083511352539,306.5439147949219,186.8459014892578,18.18226432800293,0.0,0.0,0.0,0.0,613.2804317474365,306543914.7949219,32.04018338521322,0.0,0.375,-0.9999999983694245
2023-10-20,34.65626907348633,116.04071807861328,263.65472412109375,28.55655288696289,0.0,0.0,0.0,0.0,442.90826416015625,263654724.12109375,26.12201902601454,0.0,0.25,-0.9999999977421962
2023-10-21,129.73985290527344,335.156494140625,267.6190490722656,28.086294174194336,0.0,0.0,0.0,0.0,760.6016902923584,335156494.140625,34.11891110738119,0.0,0.375,-0.9999999986852515
2023-10-22,70.9189224243164,238.06480407714844,261.3009948730469,25.846513748168945,0.0,0.0,0.0,0.0,596.1312351226807,261300994.87304688,26.161609013875324,0.0,0.25,-0.9999999983225171
2023-10-23,95.50068664550781,295.8672790527344,274.9461975097656,29.927122116088867,0.0,0.0,0.0,0.0,696.2412853240967,295867279.0527344,29.548906326293945,0.0,0.375,-0.9999999985637164
2023-10-24,95.13131713867188,296.193603515625,235.43978881835938,20.83543586730957,0.0,0.0,0.0,0.0,647.6001453399658,296193603.515625,30.595351960923935,0.0,0.375,-0.9999999984558373
2023-10-25,60.19041061401367,208.27377319335938,128.1106719970703,10.875075340270996,0.0,0.0,0.0,0.0,407.44993114471436,208273773.19335938,21.933188650343155,0.0,0.375,-0.9999999975457107
2023-10-26,87.50585174560547,283.4606628417969,241.6675567626953,20.64565086364746,0.0,0.0,0.0,0.0,633.2797222137451,283460662.8417969,29.20166799757216,0.0,0.375,-0.999999998420919
2023-10-27,75.59048461914062,259.7305908203125,111.66471099853516,9.002779960632324,0.0,0.0,0.0,0.0,455.9885663986206,259730590.8203125,27.858645651075577,0.0,0.375,-0.9999999978069626
2023-10-28,69.12847137451172,242.382568359375,132.95016479492188,10.446535110473633,0.0,0.0,0.0,0.0,454.9077396392822,242382568.359375,25.77067036098904,0.0,0.375,-0.9999999978017521
2023-10-29,108.89031982421875,312.05242919921875,267.88580322265625,26.07744789123535,0.0,0.0,0.0,0.0,714.9060001373291,312052429.19921875,31.774997923109268,0.0,0.375,-0.9999999986012147
2023-10-30,82.44670867919922,275.8330993652344,246.6960906982422,20.128780364990234,0.0,0.0,0.0,0.0,625.104679107666,275833099.3652344,28.411591000027126,0.0,0.375,-0.999999998400268
2023-10-31,93.51921844482422,293.3582458496094,244.83255004882812,19.37152862548828,0.0,0.0,0.0,0.0,651.08154296875,293358245.8496094,30.4429685804579,0.0,0.375,-0.999999998464094
2023-11-01,90.19361114501953,289.0478515625,267.8915100097656,25.300424575805664,0.0,0.0,0.0,0.0,672.4333972930908,289047851.5625,29.30526966518826,0.0,0.375,-0.9999999985128639
2023-11-02,107.09004974365234,308.8136901855469,249.69630432128906,19.53441047668457,0.0,0.0,0.0,0.0,685.1344547271729,308813690.1855469,32.14214218987359,0.0,0.375,-0.9999999985404325
2023-11-03,86.39636993408203,285.0851135253906,153.7912139892578,10.07308578491211,0.0,0.0,0.0,0.0,535.3457832336426,285085113.5253906,30.55689197116428,0.0,0.375,-0.9999999981320484
2023-11-04,53.78874969482422,199.15350341796875,198.71951293945312,12.604884147644043,0.0,0.0,0.0,0.0,464.26665019989014,199153503.41796875,20.72762436336941,0.0,0.25,-0.9999999978460654
2023-11-05,73.52489471435547,262.5805358886719,225.7777099609375,14.16824722290039,0.0,0.0,0.0,0.0,576.0513877868652,262580535.88867188,27.60136540730794,0.0,0.375,-0.9999999982640437
2023-11-06,75.51642608642578,265.5995788574219,203.5436248779297,12.082828521728516,0.0,0.0,0.0,0.0,556.7424583435059,265599578.85742188,28.16852781507704,0.0,0.375,-0.9999999982038373
2023-11-07,96.61660766601562,296.1587219238281,230.17124938964844,14.135199546813965,0.0,0.0,0.0,0.0,637.0817785263062,296158721.9238281,31.33594693077935,0.0,0.375,-0.9999999984303428
2023-11-08,55.05870056152344,210.9136962890625,102.13252258300781,5.528920650482178,0.0,0.0,0.0,0.0,373.6338400840759,210913696.2890625,22.820530626508926,0.0,0.375,-0.9999999973235829
2023-11-09,19.135391235351562,73.5533447265625,20.19437026977539,1.0374318361282349,0.0,0.0,0.0,0.0,113.92053806781769,73553344.7265625,8.057323654492697,0.0,0.375,-0.9999999912219517
2023-11-10,6.336675643920898,24.528182983398438,29.63087272644043,1.4579832553863525,0.0,0.0,0.0,0.0,61.95371460914612,29630872.72644043,3.130321052339342,0.0,0.25,-0.9999999838589181
2023-11-11,15.808140754699707,61.74241638183594,89.8548812866211,4.2698516845703125,0.0,0.0,0.0,0.0,171.67529010772705,89854881.2866211,9.509447733561197,0.0,0.25,-0.9999999941750499
2023-11-12,22.117755889892578,87.2296142578125,96.478515625,4.384217262268066,0.0,0.0,0.0,0.0,210.21010303497314,96478515.625,10.232699818081326,0.0,0.25,-0.9999999952428548
2023-11-13,74.54613494873047,265.99462890625,216.35720825195312,9.956770896911621,0.0,0.0,0.0,0.0,566.8547430038452,265994628.90625,28.448650889926487,0.0,0.375,-0.9999999982358796
2023-11-14,63.30021286010742,244.22264099121094,187.60284423828125,7.685906410217285,0.0,0.0,0.0,0.0,502.8116044998169,244222640.99121094,26.281859397888184,0.0,0.375,-0.9999999980111836
2023-11-15,35.72766876220703,144.6197967529297,178.2474822998047,6.910513401031494,0.0,0.0,0.0,0.0,365.5054612159729,178247482.2998047,19.03744098875258,0.0,0.25,-0.9999999972640627
2023-11-16,57.78740310668945,230.59628295898438,61.6524772644043,2.244321346282959,0.0,0.0,0.0,0.0,352.2804846763611,230596282.95898438,25.372440179189045,0.0,0.375,-0.9999999971613528
2023-11-17,87.3876724243164,282.666748046875,237.36956787109375,10.446152687072754,0.0,0.0,0.0,0.0,617.8701410293579,282666748.046875,30.246732817755806,0.0,0.375,-0.999999998381537
2023-11-18,73.3380126953125,264.6207275390625,233.7242431640625,9.474308013916016,0.0,0.0,0.0,0.0,581.1572914123535,264620727.5390625,28.34960216946072,0.0,0.375,-0.9999999982792954
2023-11-19,86.30138397216797,280.9237976074219,237.66709899902344,9.425614356994629,0.0,0.0,0.0,0.0,614.3178949356079,280923797.6074219,30.166464805603027,0.0,0.375,-0.9999999983721783
2023-11-20,63.44763946533203,247.8633270263672,231.75717163085938,8.22618579864502,0.0,0.0,0.0,0.0,551.2943239212036,247863327.0263672,26.626349025302464,0.0,0.25,-0.9999999981860869
2023-11-21,59.820186614990234,240.8318634033203,208.9155731201172,5.894008159637451,0.0,0.0,0.0,0.0,515.4616312980652,240831863.4033203,26.104206138186985,0.0,0.25,-0.9999999980599914
2023-11-22,80.03377532958984,273.24090576171875,118.3364028930664,2.872055768966675,0.0,0.0,0.0,0.0,474.4831397533417,273240905.76171875,30.040983332528008,0.0,0.375,-0.9999999978924435
2023-11-23,51.89647674560547,220.8272247314453,160.75967407226562,3.5675270557403564,0.0,0.0,0.0,0.0,437.05090260505676,220827224.7314453,24.139966408411663,0.0,0.25,-0.999999997711937
2023-11-24,80.6963882446289,273.5168762207031,229.9116973876953,5.98715877532959,0.0,0.0,0.0,0.0,590.1121206283569,273516876.2207031,29.72552416059706,0.0,0.375,-0.9999999983054068
2023-11-25,63.01447296142578,249.6658477783203,206.06224060058594,4.0907511711120605,0.0,0.0,0.0,0.0,522.8333125114441,249665847.7783203,27.28612184524536,0.0,0.25,-0.9999999980873445
2023-11-26,12.445384979248047,54.70844268798828,17.0538272857666,0.27721908688545227,0.0,0.0,0.0,0.0,84.48487403988838,54708442.68798828,6.04791373345587,0.0,0.375,-0.9999999881635618
2023-11-27,50.08343505859375,219.66111755371094,219.21524047851562,3.901782989501953,0.0,0.0,0.0,0.0,492.86157608032227,219661117.55371094,23.97325939602322,0.0,0.25,-0.9999999979710328
2023-11-28,50.88583755493164,223.63446044921875,171.9368438720703,2.225843906402588,0.0,0.0,0.0,0.0,448.6829857826233,223634460.44921875,24.60095739364624,0.0,0.25,-0.9999999977712549
2023-11-29,63.915767669677734,251.21607971191406,188.9829864501953,2.1789989471435547,0.0,0.0,0.0,0.0,506.29383277893066,251216079.71191406,27.670786751641167,0.0,0.375,-0.9999999980248624
2023-11-30,55.627140045166016,236.74127197265625,114.3863525390625,1.102893352508545,0.0,0.0,0.0,0.0,407.8576579093933,236741271.97265625,26.1820420689053,0.0,0.375,-0.9999999975481643
2023-12-01,71.65013122558594,261.9648132324219,200.41029357910156,1.7625445127487183,0.0,0.0,0.0,0.0,535.7877825498581,261964813.23242188,28.911363191074795,0.0,0.375,-0.9999999981335894
2023-12-02,46.64682388305664,213.095947265625,216.9384002685547,1.7423590421676636,0.0,0.0,0.0,0.0,478.423530459404,216938400.2685547,23.910671247376335,0.0,0.25,-0.9999999979098018
2023-12-03,53.95180130004883,233.81295776367188,136.86436462402344,0.6974195837974548,0.0,0.0,0.0,0.0,425.3265432715416,233812957.76367188,25.901726464430492,0.0,0.375,-0.9999999976488653
2023-12-04,5.820502758026123,26.987319946289062,59.51862335205078,0.22090908885002136,0.0,0.0,0.0,0.0,92.54735514521599,59518623.35205078,6.588634918133418,0.0,0.25,-0.9999999891947211
2023-12-05,51.915103912353516,230.12722778320312,177.5491943359375,0.4156050980091095,0.0,0.0,0.0,0.0,460.00713112950325,230127227.78320312,25.523513631688225,0.0,0.25,-0.9999999978261207
2023-12-06,44.7377815246582,202.34898376464844,191.8914794921875,0.2201043665409088,0.0,0.0,0.0,0.0,439.19834914803505,202348983.76464844,22.458764377567505,0.0,0.25,-0.9999999977231244
2023-12-07,58.20832443237305,243.2174835205078,210.16619873046875,0.034306082874536514,0.0,0.0,0.0,0.0,511.62631276622415,243217483.5205078,27.02035304862592,0.0,0.25,-0.9999999980454485
2023-12-08,68.15070343017578,257.2027282714844,217.56491088867188,0.0,0.0,0.0,0.0,0.0,542.918342590332,257202728.27148438,28.578080919053818,0.0,0.375,-0.9999999981581024
2023-12-09,31.1940860748291,149.30328369140625,110.03713989257812,0.0,0.0,0.0,0.0,0.0,290.5345096588135,149303283.69140625,16.589253743489582,0.0,0.25,-0.9999999965580681
2023-12-10,21.552881240844727,103.1949691772461,16.439149856567383,0.0,0.0,0.0,0.0,0.0,141.1870002746582,103194969.1772461,11.466107686360678,0.0,0.25,-0.999999992917195
2023-12-11,4.461265563964844,21.381858825683594,19.331350326538086,0.0,0.0,0.0,0.0,0.0,45.17447471618652,21381858.825683594,2.3757620917426214,0.0,0.25,-0.999999977863606
2023-12-12,23.8859806060791,115.40406799316406,57.90156555175781,0.0,0.0,0.0,0.0,0.0,197.19161415100098,115404067.99316406,12.822674221462673,0.0,0.25,-0.9999999949287904
2023-12-13,27.915447235107422,135.36253356933594,135.9441375732422,0.0,0.0,0.0,0.0,0.0,299.22211837768555,135944137.5732422,15.104904174804688,0.0,0.25,-0.9999999966580011
2023-12-14,41.73747253417969,203.23651123046875,175.80079650878906,0.0,0.0,0.0,0.0,0.0,420.7747802734375,203236511.23046875,22.581834581163193,0.0,0.25,-0.9999999976234317
2023-12-15,12.845819473266602,62.44758224487305,15.697973251342773,0.0,0.0,0.0,0.0,0.0,90.99137496948242,62447582.24487305,6.938620249430339,0.0,0.375,-0.9999999890099475
2023-12-16,67.77251434326172,256.3370666503906,54.19623947143555,0.0,0.0,0.0,0.0,0.0,378.3058204650879,256337066.65039062,28.481896294487846,0.0,0.375,-0.999999997356636
2023-12-17,47.889461517333984,221.00799560546875,188.50827026367188,0.0,0.0,0.0,0.0,0.0,457.4057273864746,221007995.60546875,24.556443956163193,0.0,0.25,-0.9999999978137571
2023-12-18,4.9540791511535645,24.1657657623291,15.694143295288086,0.0,0.0,0.0,0.0,0.0,44.81398820877075,24165765.7623291,2.6850850847032337,0.0,0.25,-0.9999999776855394
2023-12-19,27.628658294677734,135.7269287109375,21.525354385375977,0.0,0.0,0.0,0.0,0.0,184.8809413909912,135726928.7109375,15.080769856770834,0.0,0.25,-0.9999999945911137
2023-12-20,40.82917022705078,201.40069580078125,151.3756866455078,0.0,0.0,0.0,0.0,0.0,393.60555267333984,201400695.80078125,22.377855088975693,0.0,0.25,-0.9999999974593854
2023-12-21,52.43605422973633,233.47412109375,181.15997314453125,0.0,0.0,0.0,0.0,0.0,467.0701484680176,233474121.09375,25.941569010416668,0.0,0.25,-0.999999997858994
2023-12-22,49.79779815673828,228.04043579101562,183.6337890625,0.0,0.0,0.0,0.0,0.0,461.4720230102539,228040435.79101562,25.337826199001736,0.0,0.25,-0.9999999978330214
2023-12-23,15.380146026611328,75.2767562866211,67.32293701171875,0.0,0.0,0.0,0.0,0.0,157.97983932495117,75276756.2866211,8.364084031846788,0.0,0.25,-0.9999999936700784
2023-12-24,47.997894287109375,223.7132568359375,167.7220916748047,0.0,0.0,0.0,0.0,0.0,439.43324279785156,223713256.8359375,24.85702853732639,0.0,0.25,-0.9999999977243414
2023-12-25,46.87799072265625,219.03341674804688,180.16421508789062,0.0,0.0,0.0,0.0,0.0,446.07562255859375,219033416.74804688,24.337046305338543,0.0,0.25,-0.9999999977582277
2023-12-26,4.0446624755859375,19.659833908081055,211.7195281982422,0.0,0.0,0.0,0.0,0.0,235.42402458190918,211719528.1982422,23.52439202202691,0.0,0.125,-0.9999999957523452
2023-12-27,32.274173736572266,157.97352600097656,67.02882385253906,0.0,0.0,0.0,0.0,0.0,257.2765235900879,157973526.00097656,17.552614000108505,0.0,0.375,-0.9999999961131316
2023-12-28,43.160301208496094,208.91061401367188,170.4149932861328,0.0,0.0,0.0,0.0,0.0,422.4859085083008,208910614.01367188,23.212290445963543,0.0,0.25,-0.9999999976330571
2023-12-29,29.787891387939453,144.4750213623047,101.63379669189453,0.0,0.0,0.0,0.0,0.0,275.8967094421387,144475021.3623047,16.052780151367188,0.0,0.25,-0.9999999963754551
2023-12-30,7.462385654449463,35.85757064819336,29.621917724609375,0.0,0.0,0.0,0.0,0.0,72.9418740272522,35857570.64819336,3.984174516465929,0.0,0.25,-0.999999986290454
2023-12-31,32.27162170410156,155.86744689941406,153.0197296142578,0.0,0.0,0.0,0.0,0.0,341.15879821777344,155867446.89941406,17.318605211046005,0.0,0.25,-0.9999999970688137
2024-01-01,44.25095748901367,210.6969757080078,154.39669799804688,0.0,0.0,0.0,0.0,0.0,409.34463119506836,210696975.7080078,23.410775078667534,0.0,0.25,-0.9999999975570707
2024-01-02,21.771869659423828,103.62935638427734,156.1573028564453,0.0,0.0,0.0,0.0,0.0,281.5585289001465,156157302.8564453,17.350811428493923,0.0,0.25,-0.9999999964483406
2024-01-03,41.0750732421875,195.87295532226562,123.57566833496094,0.0008547597099095583,0.0,0.0,0.0,0.0,360.524551659124,195872955.32226562,21.763566729172858,0.0,0.25,-0.9999999972262638
2024-01-04,54.91613006591797,234.7147979736328,213.08206176757812,0.1219099909067154,0.0,0.0,0.0,0.0,502.8348997980356,234714797.9736328,26.065876442525123,0.0,0.25,-0.9999999980112757
2024-01-05,58.60205841064453,243.00770568847656,200.28094482421875,0.3730121850967407,0.0,0.0,0.0,0.0,502.2637211084366,243007705.68847656,26.959410389264423,0.0,0.25,-0.9999999980090141
2024-01-06,43.77191925048828,204.71299743652344,142.07057189941406,0.42150720953941345,0.0,0.0,0.0,0.0,390.9769957959652,204712997.43652344,22.69905446966489,0.0,0.25,-0.9999999974423047
2024-01-07,37.26372146606445,174.11300659179688,198.1564178466797,0.9351906180381775,0.0,0.0,0.0,0.0,410.4683365225792,198156417.8466797,21.913469692071278,0.0,0.25,-0.9999999975637585
2024-01-08,20.523639678955078,94.51737213134766,19.421464920043945,0.10785508900880814,0.0,0.0,0.0,0.0,134.5703318193555,94517372.13134766,10.48994633803765,0.0,0.375,-0.9999999925689417
2024-01-09,48.950504302978516,220.70213317871094,171.53338623046875,1.2424161434173584,0.0,0.0,0.0,0.0,442.42843985557556,220702133.17871094,24.38441300392151,0.0,0.25,-0.9999999977397475
2024-01-10,46.55571365356445,211.10939025878906,121.29175567626953,1.0708200931549072,0.0,0.0,0.0,0.0,380.02767968177795,211109390.25878906,23.337618907292683,0.0,0.25,-0.9999999973686128
2024-01-11,66.62483215332031,255.60671997070312,223.08627319335938,2.9483582973480225,0.0,0.0,0.0,0.0,548.2661836147308,255606719.97070312,28.073151297039455,0.0,0.25,-0.9999999981760684
2024-01-12,47.7082405090332,213.04562377929688,207.3304901123047,2.7919158935546875,0.0,0.0,0.0,0.0,470.87627029418945,213045623.77929688,23.361523098415798,0.0,0.25,-0.9999999978762999
2024-01-13,56.61223220825195,237.47430419921875,212.53729248046875,3.368197202682495,0.0,0.0,0.0,0.0,509.99202609062195,237474304.19921875,26.011789666281807,0.0,0.25,-0.999999998039185
2024-01-14,58.6180419921875,240.08583068847656,174.01756286621094,2.7444441318511963,0.0,0.0,0.0,0.0,475.4658796787262,240085830.68847656,26.371265172958374,0.0,0.25,-0.9999999978967997
2024-01-15,65.25579071044922,253.25823974609375,223.02688598632812,4.759302139282227,0.0,0.0,0.0,0.0,546.3002185821533,253258239.74609375,27.610993067423504,0.0,0.25,-0.9999999981695047
2024-01-16,77.8045654296875,270.2660217285156,229.0432891845703,5.64996337890625,0.0,0.0,0.0,0.0,582.7638397216797,270266021.7285156,29.401784261067707,0.0,0.375,-0.9999999982840391
2024-01-17,68.64936065673828,259.5826110839844,170.4682159423828,3.620818853378296,0.0,0.0,0.0,0.0,502.32100653648376,259582611.08398438,28.44019913673401,0.0,0.375,-0.9999999980092411
2024-01-18,7.201584815979004,30.798994064331055,19.455062866210938,0.4402318000793457,0.0,0.0,0.0,0.0,57.89587354660034,30798994.064331055,3.3731958071390786,0.0,0.25,-0.9999999827276121
2024-01-19,5.369165420532227,22.77537727355957,18.0899600982666,0.4434073269367218,0.0,0.0,0.0,0.0,46.67791011929512,22775377.27355957,2.4813299940692053,0.0,0.25,-0.9999999785765906
2024-01-20,12.193216323852539,51.38364791870117,18.060163497924805,0.4796893894672394,0.0,0.0,0.0,0.0,82.11671712994576,51383647.91870117,5.655995392137104,0.0,0.375,-0.9999999878222119
2024-01-21,5.345580101013184,22.33538055419922,35.798831939697266,1.0208489894866943,0.0,0.0,0.0,0.0,64.50064158439636,35798831.939697266,3.8642203278011746,0.0,0.25,-0.9999999844962786
2024-01-22,47.82413864135742,200.12130737304688,98.39176177978516,3.0613856315612793,0.0,0.0,0.0,0.0,349.39859342575073,200121307.37304688,21.895546860165066,0.0,0.375,-0.9999999971379393
2024-01-23,80.44779205322266,274.0238037109375,240.45643615722656,10.564942359924316,0.0,0.0,0.0,0.0,605.492974281311,274023803.7109375,29.273206816779243,0.0,0.375,-0.9999999983484532
2024-01-24,78.782958984375,272.57958984375,218.94998168945312,8.575745582580566,0.0,0.0,0.0,0.0,578.8882761001587,272579589.84375,29.333760473463272,0.0,0.375,-0.9999999982725509
2024-01-25,66.345703125,251.8838653564453,224.86880493164062,9.624478340148926,0.0,0.0,0.0,0.0,552.7228517532349,251883865.3564453,26.917709668477375,0.0,0.25,-0.999999998190775
2024-01-26,63.51893615722656,245.30445861816406,27.918304443359375,1.0815260410308838,0.0,0.0,0.0,0.0,337.8232252597809,245304458.61816406,27.135881397459244,0.0,0.25,-0.999999997039872
2024-01-27,31.86808967590332,127.35081481933594,46.36881637573242,1.9034762382507324,0.0,0.0,0.0,0.0,207.4911971092224,127350814.81933594,13.938593175676134,0.0,0.375,-0.9999999951805185
2024-01-28,74.1360855102539,264.775634765625,213.19818115234375,9.870670318603516,0.0,0.0,0.0,0.0,561.9805717468262,264775634.765625,28.32277382744683,0.0,0.375,-0.9999999982205791
2024-01-29,12.92266845703125,50.7207145690918,43.29294204711914,1.9644049406051636,0.0,0.0,0.0,0.0,108.90073001384735,50720714.5690918,5.417367736498515,0.0,0.25,-0.9999999908173252
2024-01-30,29.876476287841797,116.437744140625,99.7488784790039,4.799450397491455,0.0,0.0,0.0,0.0,250.86254930496216,116437744.140625,12.404254860348171,0.0,0.25,-0.9999999960137533
2024-01-31,6.625672340393066,25.539949417114258,20.52244758605957,1.0143544673919678,0.0,0.0,0.0,0.0,53.70242381095886,25539949.417114258,2.7250661055246987,0.0,0.25,-0.9999999813788669
2024-02-01,18.334884643554688,70.23420715332031,20.54535675048828,1.0561394691467285,0.0,0.0,0.0,0.0,110.17058801651001,70234207.15332031,7.686451964908176,0.0,0.375,-0.9999999909231674
2024-02-02,20.8745548248291,79.11267700195313,36.390750122070315,2.1133061408996583,0.0,0.0,0.0,0.0,138.4912880897522,79112677.00195312,8.555485651228164,0.0,0.35,-0.999999991944171
2024-02-03,23.414225006103514,87.99114685058593,52.23614349365234,3.170472812652588,0.0,0.0,0.0,0.0,166.8119881629944,87991146.85058594,9.42451933754815,0.0,0.325,-0.9999999929651746
2024-02-04,25.95389518737793,96.86961669921875,68.08153686523437,4.227639484405518,0.0,0.0,0.0,0.0,195.13268823623656,96869616.69921875,10.293553023868137,0.0,0.3,-0.9999999939861782
2024-02-05,28.493565368652344,105.74808654785156,83.9269302368164,5.284806156158448,0.0,0.0,0.0,0.0,223.45338830947875,105748086.54785156,11.162586710188123,0.0,0.275,-0.9999999950071818
2024-02-06,31.033235549926758,114.62655639648438,99.77232360839844,6.341972827911377,0.0,0.0,0.0,0.0,251.77408838272095,114626556.39648438,12.03162039650811,0.0,0.25,-0.9999999960281855
2024-02-07,44.287949879964195,160.1102040608724,137.06605529785156,9.239103317260742,0.0,0.0,0.0,0.0,350.7033125559489,160110204.0608724,16.76345563817907,0.0,0.2916666666666667,-0.999999996744474
2024-02-08,57.54266421000163,205.59385172526044,174.3597869873047,12.136233806610107,0.0,0.0,0.0,0.0,449.6325367291769,205593851.72526044,21.49529087985003,0.0,0.3333333333333333,-0.9999999974607626
2024-02-09,70.79737854003906,251.07749938964844,211.6535186767578,15.033364295959473,0.0,0.0,0.0,0.0,548.5617609024048,251077499.38964844,26.227126121520996,0.0,0.375,-0.9999999981770512
2024-02-10,75.3239860534668,260.3506851196289,222.07703399658203,16.57616090774536,0.0,0.0,0.0,0.0,574.3278660774231,260350685.1196289,27.08605824576484,0.0,0.375,-0.9999999982553227
2024-02-11,79.85059356689453,269.6238708496094,232.50054931640625,18.11895751953125,0.0,0.0,0.0,0.0,600.0939712524414,269623870.8496094,27.944990370008682,0.0,0.375,-0.9999999983335943
2024-02-12,117.85427856445312,321.19061279296875,262.4202575683594,24.603559494018555,0.0,0.0,0.0,0.0,726.0687084197998,321190612.79296875,32.95411703321669,0.0,0.375,-0.9999999986227199
2024-02-13,69.38188934326172,242.77618408203125,73.83411407470703,5.8322319984436035,0.0,0.0,0.0,0.0,391.8244194984436,242776184.08203125,26.327105787065292,0.0,0.375,-0.9999999974478365
2024-02-14,103.08010864257812,305.9761962890625,241.13206481933594,20.745710372924805,0.0,0.0,0.0,0.0,670.9340801239014,305976196.2890625,31.69227621290419,0.0,0.375,-0.9999999985095406
2024-02-15,44.921417236328125,155.85629272460938,22.63153076171875,1.875120759010315,0.0,0.0,0.0,0.0,225.28436148166656,155856292.72460938,17.109019107288784,0.0,0.25,-0.9999999955611655
2024-02-16,111.53699493408203,315.5209045410156,278.0294189453125,31.227279663085938,0.0,0.0,0.0,0.0,736.3145980834961,315520904.5410156,31.588180541992188,0.0,0.375,-0.9999999986418848
2024-02-17,92.61973571777344,292.1823425292969,58.108062744140625,5.078130722045898,0.0,0.0,0.0,0.0,447.98827171325684,292182342.5292969,31.900467978583443,0.0,0.375,-0.9999999977677987
2024-02-18,27.764408111572266,94.20148468017578,257.08343505859375,24.56715965270996,0.0,0.0,0.0,0.0,403.61648750305176,257083435.05859375,25.835141711764866,0.0,0.25,-0.9999999975224005
2024-02-19,38.5670280456543,130.20547485351562,29.570568084716797,2.703949213027954,0.0,0.0,0.0,0.0,201.04702019691467,130205474.85351562,14.166836182276407,0.0,0.375,-0.9999999950260392
2024-02-20,32.40758514404297,108.68447875976562,25.10828971862793,2.3523035049438477,0.0,0.0,0.0,0.0,168.55265712738037,108684478.75976562,11.814686139424643,0.0,0.375,-0.999999994067136
2024-02-21,13.13516616821289,43.711463928222656,24.272186279296875,2.337766408920288,0.0,0.0,0.0,0.0,83.45658278465271,43711463.928222656,4.597077502144708,0.0,0.375,-0.9999999880177218
2024-02-22,8.91308879852295,29.484251022338867,24.17398452758789,2.377166509628296,0.0,0.0,0.0,0.0,64.948490858078,29484251.022338867,3.0118982791900635,0.0,0.375,-0.9999999846031837
2024-02-23,37.68110656738281,124.30335235595703,61.98228454589844,6.223939418792725,0.0,0.0,0.0,0.0,230.190682888031,124303352.35595703,13.119934770796034,0.0,0.375,-0.9999999956557756
2024-02-24,9.049442291259766,29.603052139282227,24.306055068969727,2.4874539375305176,0.0,0.0,0.0,0.0,65.44600343704224,29603052.139282227,3.0128442446390786,0.0,0.375,-0.9999999847202284
2024-02-25,41.8402214050293,136.6038818359375,118.47761535644531,12.300869941711426,0.0,0.0,0.0,0.0,309.22258853912354,136603881.8359375,13.81144576602512,0.0,0.375,-0.9999999967660836
2024-02-26,96.97161865234375,297.12640380859375,96.24193572998047,10.173823356628418,0.0,0.0,0.0,0.0,500.5137815475464,297126403.80859375,31.88362005021837,0.0,0.375,-0.9999999980020531
2024-02-27,86.00904846191406,273.2747497558594,249.17686462402344,27.080995559692383,0.0,0.0,0.0,0.0,635.5416584014893,273274749.7558594,27.354861577351887,0.0,0.375,-0.9999999984265391
2024-02-28,16.24382781982422,51.858619689941406,38.7395133972168,4.2472405433654785,0.0,0.0,0.0,0.0,111.0892014503479,51858619.689941406,5.290153238508436,0.0,0.375,-0.9999999909982251
2024-02-29,9.964427947998047,31.544963836669922,25.979379653930664,2.9003896713256836,0.0,0.0,0.0,0.0,70.38916110992432,31544963.836669922,3.1827304628160267,0.0,0.375,-0.9999999857932675
2024-03-01,81.95587158203125,257.7737731933594,127.30408477783203,14.45438003540039,0.0,0.0,0.0,0.0,481.48810958862305,257773773.19335938,27.03548812866211,0.0,0.375,-0.9999999979231056
2024-03-02,78.93534851074219,246.74073791503906,251.53370666503906,29.131698608398438,0.0,0.0,0.0,0.0,606.3414916992188,251533706.66503906,24.711334228515625,0.0,0.375,-0.9999999983507644
2024-03-03,127.28168487548828,339.3710021972656,308.02911376953125,45.75531005859375,0.0,0.0,0.0,0.0,820.4371109008789,339371002.1972656,32.62396579318576,0.0,0.375,-0.9999999987811375
2024-03-04,20.00128173828125,61.33811569213867,28.361371994018555,3.383662462234497,0.0,0.0,0.0,0.0,113.08443188667297,61338115.69213867,6.439383692211575,0.0,0.375,-0.9999999911570499
2024-03-05,16.61182975769043,50.56662368774414,28.468036651611328,3.449434995651245,0.0,0.0,0.0,0.0,99.09592509269714,50566623.68774414,5.235243188010322,0.0,0.375,-0.9999999899087678
2024-03-06,69.75846862792969,211.83792114257812,123.60684967041016,15.157026290893555,0.0,0.0,0.0,0.0,420.3602657318115,211837921.14257812,21.853432761298286,0.0,0.375,-0.9999999976210882
2024-03-07,138.52833557128906,351.16302490234375,247.55703735351562,30.764339447021484,0.0,0.0,0.0,0.0,768.0127372741699,351163024.90234375,35.599853939480255,0.0,0.375,-0.9999999986979383
2024-03-08,124.3878173828125,334.8520812988281,248.18402099609375,31.23078727722168,0.0,0.0,0.0,0.0,738.654706954956,334852081.2988281,33.73569933573405,0.0,0.375,-0.9999999986461875
2024-03-09,128.77125549316406,338.0505065917969,280.6031799316406,37.29608154296875,0.0,0.0,0.0,0.0,784.7210235595703,338050506.5917969,33.41715833875868,0.0,0.375,-0.9999999987256618
2024-03-10,161.75836181640625,375.1842041015625,328.9257507324219,58.88280487060547,0.0,0.0,0.0,0.0,924.7511215209961,375184204.1015625,35.14459991455078,0.0,0.375,-0.999999998918628
2024-03-11,66.43692779541016,194.107666015625,277.81842041015625,38.57279586791992,0.0,0.0,0.0,0.0,576.9358100891113,277818420.41015625,26.582847171359592,0.0,0.25,-0.9999999982667049
2024-03-12,83.41838073730469,241.95835876464844,265.1999816894531,36.859764099121094,0.0,0.0,0.0,0.0,627.4364852905273,265199981.68945312,25.37113528781467,0.0,0.375,-0.9999999984062132
2024-03-13,145.86355590820312,360.492431640625,315.3305358886719,53.447975158691406,0.0,0.0,0.0,0.0,875.1344985961914,360492431.640625,34.116050720214844,0.0,0.375,-0.9999999988573185
2024-03-14,40.092918395996094,114.50720977783203,63.87322235107422,9.267670631408691,0.0,0.0,0.0,0.0,227.74102115631104,114507209.77783203,11.693282127380371,0.0,0.375,-0.9999999956090475
2024-03-15,148.27024841308594,340.1994934082031,302.9407043457031,48.62944412231445,0.0,0.0,0.0,0.0,840.0398902893066,340199493.4082031,32.39667214287652,0.0,0.375,-0.9999999988095803
2024-03-16,117.95446014404297,321.9596862792969,303.3480529785156,49.761783599853516,0.0,0.0,0.0,0.0,793.023983001709,321959686.2792969,30.24421140882704,0.0,0.375,-0.9999999987390041
2024-03-17,13.336849212646484,37.30165481567383,31.190654754638672,4.8203558921813965,0.0,0.0,0.0,0.0,86.64951467514038,37301654.81567383,3.609033213721381,0.0,0.375,-0.9999999884592546
2024-03-18,45.33416748046875,126.32954406738281,52.7159423828125,8.290955543518066,0.0,0.0,0.0,0.0,232.67060947418213,126329544.06738281,13.115398724873861,0.0,0.375,-0.9999999957020786
2024-03-19,170.68748474121094,384.9082336425781,307.62567138671875,52.60206604003906,0.0,0.0,0.0,0.0,915.8234558105469,384908233.6425781,36.92290751139323,0.0,0.375,-0.9999999989080866
2024-03-20,160.47085571289062,375.44610595703125,345.96112060546875,73.86865234375,0.0,0.0,0.0,0.0,955.7467346191406,375446105.95703125,33.50860595703125,0.0,0.375,-0.9999999989536977
2024-03-21,140.46485900878906,351.859619140625,273.97845458984375,45.767147064208984,0.0,0.0,0.0,0.0,812.0700798034668,351859619.140625,34.01027467515733,0.0,0.375,-0.9999999987685791
2024-03-22,165.7451171875,382.8272705078125,330.6105651855469,62.80562210083008,0.0,0.0,0.0,0.0,941.9885749816895,382827270.5078125,35.55796093410916,0.0,0.375,-0.999999998938416
2024-03-23,96.4541244506836,260.47320556640625,219.4069366455078,37.5361442565918,0.0,0.0,0.0,0.0,613.8704109191895,260473205.56640625,24.770784589979385,0.0,0.375,-0.9999999983709917
2024-03-24,23.117324829101562,62.175926208496094,52.28812026977539,9.120728492736816,0.0,0.0,0.0,0.0,146.70209980010986,62175926.208496094,5.895021968417698,0.0,0.375,-0.999999993183465
2024-03-25,57.99855422973633,155.64007568359375,130.90919494628906,23.112817764282227,0.0,0.0,0.0,0.0,367.66064262390137,155640075.68359375,14.725250879923502,0.0,0.375,-0.9999999972801005
2024-03-26,87.07560729980469,232.51443481445312,123.88710021972656,22.17310333251953,0.0,0.0,0.0,0.0,465.6502456665039,232514434.81445312,23.371259053548176,0.0,0.375,-0.9999999978524654
2024-03-27,31.0943603515625,82.45095825195312,35.170379638671875,6.412143707275391,0.0,0.0,0.0,0.0,155.1278419494629,82450958.25195312,8.44875717163086,0.0,0.375,-0.999999993553704
2024-03-28,14.904806137084961,39.33817672729492,78.46327209472656,14.466721534729004,0.0,0.0,0.0,0.0,147.17297649383545,78463272.09472656,7.110727839999729,0.0,0.25,-0.9999999932052744
2024-03-29,205.96739196777344,419.31976318359375,366.317138671875,90.73153686523438,0.0,0.0,0.0,0.0,1082.3358306884766,419319763.18359375,36.509802924262154,0.0,0.375,-0.9999999990760723
2024-03-30,147.12315368652344,361.81842041015625,372.8453369140625,97.27816009521484,0.0,0.0,0.0,0.0,979.065071105957,372845336.9140625,30.618575202094185,0.0,0.375,-0.9999999989786175
2024-03-31,42.261531829833984,110.23392486572266,294.42486572265625,57.369468688964844,0.0,0.0,0.0,0.0,504.28979110717773,294424865.72265625,28.018148210313583,0.0,0.25,-0.9999999980170132
2024-04-01,175.7943115234375,395.6389465332031,321.383056640625,65.41364288330078,0.0,0.0,0.0,0.0,958.2299575805664,395638946.5332031,36.69170040554471,0.0,0.375,-0.9999999989564091
2024-04-02,16.39014434814453,42.32740783691406,184.5803985595703,36.2620964050293,0.0,0.0,0.0,0.0,279.5600471496582,184580398.5595703,18.687806023491753,0.0,0.375,-0.999999996422951
2024-04-03,25.74956512451172,66.18415069580078,84.16167449951172,16.786972045898438,0.0,0.0,0.0,0.0,192.88236236572266,84161674.49951172,7.486078050401476,0.0,0.375,-0.9999999948154928
2024-04-04,109.00373840332031,278.8410339355469,338.43243408203125,74.24134063720703,0.0,0.0,0.0,0.0,800.5185470581055,338432434.08203125,29.3545659383138,0.0,0.375,-0.9999999987508097
2024-04-05,212.43988037109375,426.2506103515625,301.587890625,62.35072708129883,0.0,0.0,0.0,0.0,1002.6291084289551,426250610.3515625,40.43332036336263,0.0,0.375,-0.9999999990026223
2024-04-06,82.74552154541016,210.23788452148438,66.54071044921875,13.735748291015625,0.0,0.0,0.0,0.0,373.2598648071289,210237884.52148438,21.833570692274307,0.0,0.375,-0.9999999973209014
2024-04-07,80.10336303710938,202.1969451904297,45.254642486572266,9.447776794433594,0.0,0.0,0.0,0.0,337.0027275085449,202196945.1904297,21.416574266221787,0.0,0.375,-0.999999997032665
2024-04-08,17.211769104003906,43.188690185546875,80.88028717041016,17.045045852661133,0.0,0.0,0.0,0.0,158.32579231262207,80880287.17041016,7.092804590861003,0.0,0.25,-0.9999999936839098
2024-04-09,179.17652893066406,395.25091552734375,353.9736328125,86.27812957763672,0.0,0.0,0.0,0.0,1014.6792068481445,395250915.52734375,34.330309549967446,0.0,0.375,-0.9999999990144669
2024-04-10,126.16092681884766,312.30877685546875,369.8638916015625,96.34149169921875,0.0,0.0,0.0,0.0,904.6750869750977,369863891.6015625,30.391377766927082,0.0,0.375,-0.9999999988946308
2024-04-11,123.42748260498047,304.79998779296875,203.29734802246094,44.03605651855469,0.0,0.0,0.0,0.0,675.5608749389648,304799987.79296875,28.973770141601562,0.0,0.375,-0.9999999985197485
2024-04-12,22.477903366088867,55.4073600769043,38.03702163696289,8.346577644348145,0.0,0.0,0.0,0.0,124.2688627243042,55407360.0769043,5.228975825839573,0.0,0.375,-0.999999991952932
2024-04-13,63.691043853759766,156.58897399902344,240.18051147460938,52.99523162841797,0.0,0.0,0.0,0.0,513.4557609558105,240180511.47460938,20.7983644273546,0.0,0.25,-0.9999999980524126
2024-04-14,49.95109558105469,122.1160659790039,138.56700134277344,30.870040893554688,0.0,0.0,0.0,0.0,341.5042037963867,138567001.34277344,11.966328938802084,0.0,0.375,-0.9999999970717783
2024-04-15,197.18991088867188,414.3929443359375,365.9408264160156,94.16835021972656,0.0,0.0,0.0,0.0,1071.6920318603516,414392944.3359375,35.58051045735677,0.0,0.375,-0.999999999066896
2024-04-16,142.58892822265625,339.5203552246094,194.38243103027344,43.98569869995117,0.0,0.0,0.0,0.0,720.4774131774902,339520355.2246094,32.83718405829536,0.0,0.375,-0.9999999986120315
2024-04-17,18.7774600982666,45.2566032409668,38.61947250366211,8.847737312316895,0.0,0.0,0.0,0.0,111.5012731552124,45256603.2409668,4.045429547627767,0.0,0.375,-0.9999999910314926
2024-04-18,212.66297912597656,426.185791015625,372.5853271484375,102.66059875488281,0.0,0.0,0.0,0.0,1114.0946960449219,426185791.015625,35.94724358452691,0.0,0.375,-0.9999999991024101
2024-04-19,158.48194885253906,365.2380065917969,38.743255615234375,9.019360542297363,0.0,0.0,0.0,0.0,571.4825716018677,365238006.5917969,39.579849561055504,0.0,0.25,-0.9999999982501654
2024-04-20,140.89002990722656,331.8258056640625,285.3062744140625,66.98951721191406,0.0,0.0,0.0,0.0,825.0116271972656,331825805.6640625,29.426254272460938,0.0,0.375,-0.9999999987878959
2024-04-21,184.29232788085938,400.636474609375,181.1611785888672,42.630943298339844,0.0,0.0,0.0,0.0,808.7209243774414,400636474.609375,39.77839236789279,0.0,0.375,-0.9999999987634796
2024-04-22,123.32068634033203,290.9839782714844,349.94287109375,88.01036071777344,0.0,0.0,0.0,0.0,852.2578964233398,349942871.09375,29.103612263997395,0.0,0.375,-0.9999999988266463
2024-04-23,72.03162384033203,170.10043334960938,368.2041931152344,99.6551513671875,0.0,0.0,0.0,0.0,709.9914016723633,368204193.1152344,32.90806325276693,0.0,0.375,-0.9999999985915322
2024-04-24,235.84291076660156,445.890380859375,378.9531555175781,108.6719741821289,0.0,0.0,0.0,0.0,1169.3584213256836,445890380.859375,37.468711853027344,0.0,0.375,-0.9999999991448301
2024-04-25,74.78500366210938,175.31683349609375,39.65122604370117,9.631710052490234,0.0,0.0,0.0,0.0,299.38477325439453,175316833.49609375,18.40945816040039,0.0,0.375,-0.9999999966598168
2024-04-26,137.625732421875,318.6944274902344,361.033447265625,94.94113159179688,0.0,0.0,0.0,0.0,912.2947387695312,361033447.265625,29.565812852647568,0.0,0.375,-0.999999998903863
2024-04-27,80.47883605957031,187.5063018798828,186.7347412109375,45.74390411376953,0.0,0.0,0.0,0.0,500.46378326416016,187506301.8798828,15.751377529568142,0.0,0.375,-0.9999999980018535
2024-04-28,53.650123596191406,124.3929443359375,98.91867065429688,24.453922271728516,0.0,0.0,0.0,0.0,301.4156608581543,124392944.3359375,11.10433578491211,0.0,0.375,-0.9999999966823224
2024-04-29,84.91584014892578,196.64190673828125,234.1234588623047,58.12549591064453,0.0,0.0,0.0,0.0,573.8067016601562,234123458.8623047,19.555329216851128,0.0,0.375,-0.9999999982572528
2024-04-30,20.408220291137695,46.98918151855469,45.53396224975586,11.437893867492676,0.0,0.0,0.0,0.0,124.36925792694092,46989181.51855469,3.9501430723402233,0.0,0.375,-0.9999999919594279
2024-05-01,198.23544311523438,412.4438171386719,196.40455627441406,49.44837951660156,0.0,0.0,0.0,0.0,856.5321960449219,412443817.1386719,40.332826402452255,0.0,0.375,-0.9999999988325016
2024-05-02,200.44189453125,415.5633850097656,192.6311492919922,48.91960525512695,0.0,0.0,0.0,0.0,857.5560340881348,415563385.0097656,40.73819775051541,0.0,0.375,-0.9999999988338955
2024-05-03,173.831298828125,378.90032958984375,236.52609252929688,60.57504653930664,0.0,0.0,0.0,0.0,849.8327674865723,378900329.58984375,35.36947589450412,0.0,0.375,-0.9999999988232979
2024-05-04,21.97978973388672,50.05132293701172,84.90168762207031,21.949474334716797,0.0,0.0,0.0,0.0,178.88227462768555,84901687.62207031,6.994690365261501,0.0,0.25,-0.9999999944097312
2024-05-05,60.58192443847656,137.8075714111328,85.5035400390625,22.259807586669922,0.0,0.0,0.0,0.0,306.1528434753418,137807571.4111328,12.838640424940321,0.0,0.375,-0.9999999967336577
2024-05-06,204.3773193359375,420.841552734375,325.746337890625,86.51290893554688,0.0,0.0,0.0,0.0,1037.4781188964844,420841552.734375,37.14762708875868,0.0,0.375,-0.9999999990361241
2024-05-07,170.19371032714844,373.62249755859375,358.87255859375,99.58496856689453,0.0,0.0,0.0,0.0,1002.2737350463867,373622497.55859375,30.448614332411026,0.0,0.375,-0.9999999990022685
2024-05-08,209.7200469970703,421.6823425292969,407.532958984375,138.27145385742188,0.0,0.0,0.0,0.0,1177.206802368164,421682342.5292969,31.490098741319443,0.0,0.375,-0.9999999991505315
2024-05-09,176.0462188720703,379.6694641113281,299.1670837402344,80.26648712158203,0.0,0.0,0.0,0.0,935.1492538452148,379669464.1113281,33.26699744330512,0.0,0.375,-0.999999998930652
2024-05-10,223.1145477294922,436.1784973144531,395.2687683105469,124.55964660644531,0.0,0.0,0.0,0.0,1179.1214599609375,436178497.3144531,34.6243167453342,0.0,0.375,-0.9999999991519108
2024-05-11,76.59681701660156,171.1693572998047,41.5649299621582,11.243700981140137,0.0,0.0,0.0,0.0,300.5748052597046,171169357.2998047,17.769517368740505,0.0,0.375,-0.9999999966730412
2024-05-12,114.90416717529297,256.3075256347656,221.5633087158203,59.94594192504883,0.0,0.0,0.0,0.0,652.7209434509277,256307525.63476562,21.81795374552409,0.0,0.375,-0.9999999984679517
2024-05-13,219.22552490234375,429.03973388671875,379.1433410644531,115.6446304321289,0.0,0.0,0.0,0.0,1143.0532302856445,429039733.88671875,34.821678161621094,0.0,0.375,-0.99999999912515
2024-05-14,261.6853942871094,466.1828308105469,424.45135498046875,159.03643798828125,0.0,0.0,0.0,0.0,1311.3560180664062,466182830.8105469,34.12737698025174,0.0,0.375,-0.9999999992374305
2024-05-15,218.58184814453125,427.4139709472656,378.32525634765625,116.30094909667969,0.0,0.0,0.0,0.0,1140.6220245361328,427413970.9472656,34.568113538953995,0.0,0.375,-0.9999999991232853
2024-05-16,181.54867553710938,384.4312438964844,428.2756652832031,164.17605590820312,0.0,0.0,0.0,0.0,1158.431640625,428275665.2832031,29.344401041666668,0.0,0.5,-0.9999999991367639
2024-05-17,269.06829833984375,471.2274169921875,413.1600341796875,146.3367156982422,0.0,0.0,0.0,0.0,1299.792465209961,471227416.9921875,36.09896681043837,0.0,0.375,-0.9999999992306463
2024-05-18,231.83168029785156,440.11676025390625,403.5321960449219,136.59828186035156,0.0,0.0,0.0,0.0,1212.0789184570312,440116760.25390625,33.72427537706163,0.0,0.375,-0.9999999991749712
2024-05-19,220.38133239746094,429.8441162109375,316.5907287597656,90.30534362792969,0.0,0.0,0.0,0.0,1057.1215209960938,429844116.2109375,37.72653028700087,0.0,0.375,-0.9999999990540348
2024-05-20,164.50450134277344,353.1744079589844,308.5948181152344,87.95054626464844,0.0,0.0,0.0,0.0,914.2242736816406,353174407.9589844,29.469317966037327,0.0,0.375,-0.9999999989061765
2024-05-21,169.0760955810547,360.70208740234375,338.2812194824219,98.21534729003906,0.0,0.0,0.0,0.0,966.2747497558594,360702087.40234375,29.16519334581163,0.0,0.375,-0.9999999989650976
2024-05-22,105.91857147216797,230.6137237548828,158.07046508789062,45.0788459777832,0.0,0.0,0.0,0.0,539.6816062927246,230613723.7548828,20.614986419677734,0.0,0.375,-0.9999999981470556
2024-05-23,246.810546875,452.8984680175781,401.461181640625,135.16311645507812,0.0,0.0,0.0,0.0,1236.3333129882812,452898468.0175781,35.303927951388886,0.0,0.375,-0.9999999991911566
2024-05-24,226.51199340820312,435.86102294921875,347.925048828125,102.92041015625,0.0,0.0,0.0,0.0,1113.2184753417969,435861022.94921875,36.99340142144097,0.0,0.375,-0.9999999991017037
2024-05-25,74.18736267089844,160.41586303710938,197.04098510742188,56.819549560546875,0.0,0.0,0.0,0.0,488.46376037597656,197040985.10742188,15.580159505208334,0.0,0.375,-0.9999999979527652
2024-05-26,229.10205078125,437.3499450683594,308.07598876953125,90.1939468383789,0.0,0.0,0.0,0.0,1064.7219314575195,437349945.0683594,38.572888692220054,0.0,0.375,-0.9999999990607875
2024-05-27,101.53006744384766,219.01577758789062,190.26300048828125,55.265567779541016,0.0,0.0,0.0,0.0,566.0744132995605,219015777.58789062,18.19446775648329,0.0,0.375,-0.9999999982334478
2024-05-28,272.35845947265625,473.1152648925781,434.2816467285156,173.80633544921875,0.0,0.0,0.0,0.0,1353.5617065429688,473115264.8925781,33.25654771592882,0.0,0.5,-0.9999999992612083
2024-05-29,277.6588134765625,476.76123046875,410.73687744140625,145.79859924316406,0.0,0.0,0.0,0.0,1310.9555206298828,476761230.46875,36.77362569173177,0.0,0.375,-0.9999999992371975
2024-05-30,117.85699462890625,252.99102783203125,43.81882858276367,12.898905754089355,0.0,0.0,0.0,0.0,427.5657567977905,252991027.83203125,26.676902453104656,0.0,0.25,-0.9999999976611785
2024-05-31,58.06412124633789,124.29808044433594,119.18294525146484,35.128814697265625,0.0,0.0,0.0,0.0,336.6739616394043,124298080.44433594,9.907696194118923,0.0,0.375,-0.9999999970297674
